0.012842
0.012701
0.012495
0.012326
0.012226
0.012152
0.012104
0.012091
0.012099
0.012117
0.012118
0.012126
0.012154
0.012207
0.012249
0.012274
0.01231
0.012367
0.012436
0.012504
0.012577
0.012635
0.012667
0.012691
0.012734
0.012764
0.012765
0.01279
0.012836
0.012866
0.012892
0.012909
0.012917
0.012928
0.012922
0.012908
0.012887
0.012867
0.012833
0.012804
0.012762
0.012712
0.012667
0.012649
0.012608
0.012541
0.012486
0.012465
0.012457
0.012425
0.012402
0.012371
0.012314
0.012253
0.012211
0.012181
0.012167
0.012172
0.01221
0.012242
0.012282
0.012338
0.012402
0.012499
0.012645
0.012782
0.012031
0.012045
0.012054
0.012012
0.011927
0.011868
0.011825
0.011799
0.011783
0.011772
0.011796
0.011833
0.011841
0.011846
0.011877
0.011933
0.011985
0.012002
0.012066
0.012144
0.012191
0.012266
0.012337
0.01237
0.012371
0.012377
0.012406
0.012436
0.012479
0.012525
0.012554
0.01257
0.012596
0.012592
0.012557
0.012539
0.012528
0.012523
0.012493
0.012438
0.012414
0.01239
0.012347
0.012278
0.012238
0.012229
0.012185
0.012139
0.012096
0.012066
0.012026
0.011964
0.011926
0.011921
0.011923
0.011934
0.011923
0.011923
0.011911
0.011917
0.011923
0.011941
0.012023
0.012109
0.012156
0.012149
0.011874
0.011876
0.011874
0.011864
0.011835
0.011836
0.011842
0.01184
0.011826
0.011797
0.011814
0.011856
0.011873
0.011885
0.011928
0.011975
0.01201
0.012053
0.012064
0.0121
0.012174
0.012233
0.012308
0.012376
0.012413
0.012462
0.012514
0.012564
0.012562
0.012558
0.012579
0.012604
0.012617
0.012619
0.012632
0.012647
0.012649
0.012616
0.012594
0.012575
0.012536
0.012477
0.012425
0.012377
0.012309
0.012265
0.012238
0.012173
0.012126
0.012085
0.012043
0.01201
0.011983
0.011952
0.011939
0.011933
0.011929
0.011915
0.01191
0.01189
0.011898
0.011922
0.011944
0.011957
0.011925
0.011873
0.011791
0.011844
0.011883
0.011928
0.011959
0.011941
0.011896
0.011873
0.011887
0.011907
0.011903
0.011915
0.011981
0.012028
0.012032
0.012039
0.012086
0.012139
0.012212
0.012261
0.012278
0.012305
0.012394
0.012499
0.012584
0.012624
0.01265
0.012667
0.012692
0.012718
0.012721
0.012722
0.012735
0.012765
0.012793
0.012807
0.012818
0.0128
0.012762
0.012713
0.012654
0.012612
0.012545
0.012469
0.012416
0.012354
0.012318
0.012284
0.012216
0.012155
0.012101
0.012061
0.012031
0.01202
0.011989
0.011963
0.011949
0.011946
0.011922
0.011894
0.011901
0.011908
0.011906
0.011909
0.011894
0.011891
0.011838
0.011866
0.011921
0.011972
0.012001
0.012007
0.012013
0.011997
0.011986
0.012015
0.012059
0.012075
0.012092
0.012122
0.012159
0.012195
0.012242
0.012326
0.012381
0.012387
0.012427
0.01252
0.012564
0.012618
0.012685
0.012733
0.012781
0.012851
0.012882
0.012909
0.012928
0.012912
0.012879
0.012862
0.012893
0.012906
0.012889
0.01286
0.012857
0.012857
0.012832
0.012763
0.012718
0.012669
0.012621
0.012531
0.012412
0.012342
0.012276
0.012218
0.012174
0.012138
0.012112
0.012101
0.012078
0.012045
0.012031
0.012013
0.012014
0.01201
0.011991
0.012025
0.011996
0.011919
0.011871
0.011845
0.011896
0.011921
0.011947
0.011948
0.011981
0.012031
0.012088
0.01212
0.012153
0.012203
0.012241
0.012242
0.012246
0.012262
0.012307
0.012359
0.012408
0.012451
0.012491
0.012566
0.012634
0.012673
0.012687
0.012703
0.012768
0.012873
0.012945
0.012958
0.013007
0.013056
0.013085
0.013129
0.013164
0.013161
0.013133
0.013066
0.013027
0.01301
0.012982
0.012937
0.012871
0.012832
0.012786
0.012752
0.012701
0.012651
0.01259
0.012494
0.012406
0.012346
0.01229
0.012264
0.012252
0.012203
0.012176
0.01213
0.0121
0.012097
0.012093
0.012106
0.012108
0.012076
0.012036
0.011996
0.011976
0.011974
0.011811
0.011824
0.011863
0.011923
0.012003
0.01207
0.012132
0.012199
0.01225
0.012284
0.012287
0.012306
0.012306
0.012328
0.012376
0.012425
0.012465
0.012534
0.012594
0.012661
0.012716
0.012782
0.012838
0.012896
0.012978
0.013036
0.013079
0.013115
0.013151
0.013206
0.013268
0.013311
0.01334
0.013334
0.013298
0.013278
0.013212
0.013162
0.013095
0.013042
0.012988
0.012943
0.012898
0.012836
0.012789
0.012736
0.012685
0.012635
0.012571
0.012497
0.012447
0.01241
0.012374
0.012338
0.01229
0.012252
0.012203
0.012159
0.012133
0.012148
0.012156
0.012114
0.012089
0.012069
0.012045
0.012019
0.011961
0.011955
0.011983
0.012062
0.012111
0.012153
0.012197
0.012246
0.012268
0.01227
0.012278
0.012305
0.012388
0.012464
0.012496
0.012551
0.012602
0.012639
0.012687
0.012752
0.012831
0.012899
0.012972
0.013038
0.013073
0.013136
0.013209
0.01329
0.01335
0.013388
0.013405
0.013437
0.013429
0.013446
0.013436
0.013412
0.013376
0.013289
0.013231
0.013171
0.013104
0.013039
0.012985
0.012906
0.012834
0.012802
0.012774
0.012718
0.012659
0.01261
0.012568
0.012511
0.012448
0.012401
0.012319
0.012262
0.012233
0.012202
0.012169
0.012162
0.012192
0.012182
0.012159
0.012138
0.012089
0.01208
0.012001
0.01203
0.012052
0.012053
0.012085
0.012137
0.012188
0.012214
0.012224
0.012266
0.012342
0.012401
0.012447
0.012494
0.012584
0.012639
0.012687
0.012723
0.012802
0.012865
0.012949
0.01303
0.013095
0.013152
0.013212
0.013281
0.013389
0.013466
0.013485
0.013503
0.013574
0.013642
0.013683
0.013686
0.013663
0.013626
0.013554
0.013494
0.013417
0.013315
0.013252
0.01321
0.013134
0.013043
0.012968
0.012905
0.012829
0.012787
0.012743
0.012685
0.012615
0.012539
0.012468
0.012408
0.012385
0.012366
0.012318
0.01227
0.012238
0.01223
0.012188
0.012168
0.012127
0.012109
0.012131
0.012123
0.012119
0.012087
0.012075
0.012082
0.012095
0.012138
0.012177
0.012212
0.012273
0.012311
0.012373
0.012442
0.012517
0.012578
0.012638
0.012713
0.012776
0.012839
0.0129
0.01296
0.013024
0.013088
0.013168
0.013268
0.013325
0.013362
0.013421
0.013505
0.013606
0.013682
0.013738
0.013786
0.013814
0.01383
0.013836
0.013787
0.013742
0.013691
0.013615
0.013541
0.013474
0.013386
0.013298
0.013223
0.013122
0.013007
0.012905
0.012835
0.012749
0.012665
0.012621
0.012574
0.012524
0.012493
0.012451
0.012422
0.0124
0.012367
0.012324
0.012288
0.012234
0.012192
0.012171
0.012148
0.01213
0.012124
0.012105
0.012133
0.012158
0.012159
0.012169
0.012175
0.012176
0.012209
0.012301
0.012378
0.01244
0.012493
0.012538
0.012586
0.012609
0.012678
0.012775
0.012881
0.012978
0.013073
0.013088
0.013135
0.013218
0.013307
0.013405
0.01353
0.013611
0.013686
0.01376
0.01383
0.013875
0.013878
0.013882
0.013867
0.013829
0.013816
0.013783
0.013714
0.013647
0.013593
0.013524
0.013461
0.013398
0.013327
0.013237
0.01314
0.013039
0.012915
0.012857
0.012797
0.012673
0.012595
0.012547
0.012513
0.012476
0.012407
0.012355
0.012316
0.012302
0.012263
0.01223
0.012181
0.01217
0.012165
0.012152
0.01216
0.012135
0.012152
0.012175
0.012219
0.012221
0.012203
0.012237
0.012264
0.012282
0.012349
0.012389
0.012441
0.012503
0.01256
0.012638
0.012703
0.012796
0.012891
0.012961
0.01304
0.013145
0.013234
0.013315
0.013412
0.013544
0.013622
0.013716
0.013798
0.013886
0.013939
0.013984
0.01399
0.01397
0.013952
0.013937
0.013865
0.01381
0.013768
0.013714
0.013676
0.013593
0.013475
0.013346
0.013284
0.01322
0.013151
0.013076
0.01296
0.012854
0.012766
0.012699
0.012617
0.012507
0.012425
0.012382
0.012347
0.012319
0.012305
0.012288
0.01225
0.012214
0.012197
0.01214
0.012108
0.012112
0.012101
0.012126
0.012125
0.012138
0.012172
0.012223
0.012258
0.012281
0.012312
0.01231
0.012314
0.012346
0.012396
0.01243
0.012518
0.012583
0.012669
0.012741
0.012793
0.012876
0.01299
0.013118
0.013236
0.013332
0.013442
0.013569
0.013666
0.013771
0.013857
0.013948
0.014037
0.014054
0.014049
0.01404
0.014024
0.014007
0.013962
0.01389
0.013852
0.013802
0.013713
0.01362
0.013524
0.013435
0.013315
0.01322
0.013095
0.013001
0.012945
0.012857
0.012772
0.012688
0.012626
0.01257
0.012472
0.012376
0.012348
0.012327
0.012289
0.012249
0.01219
0.012147
0.012137
0.012162
0.012134
0.012083
0.012063
0.01221
0.012203
0.012188
0.012165
0.012183
0.01222
0.012238
0.01226
0.012246
0.012278
0.01232
0.012371
0.012446
0.012529
0.012588
0.012639
0.0127
0.012796
0.012898
0.012966
0.013071
0.013157
0.01328
0.013417
0.013517
0.01363
0.013759
0.013867
0.013967
0.014037
0.014061
0.014094
0.014109
0.01408
0.014045
0.014037
0.013991
0.013934
0.013884
0.013803
0.013684
0.013594
0.013497
0.013362
0.01321
0.013096
0.013014
0.012934
0.012837
0.01271
0.01264
0.012598
0.012526
0.012443
0.012383
0.012297
0.012239
0.012224
0.01221
0.012185
0.012158
0.01211
0.012047
0.012035
0.012059
0.012081
0.012163
0.012161
0.012164
0.012172
0.012179
0.012192
0.012209
0.012239
0.012286
0.012306
0.012324
0.012353
0.012389
0.012431
0.012498
0.012557
0.012642
0.012729
0.012815
0.012915
0.013017
0.0131
0.013218
0.013342
0.013462
0.013594
0.013702
0.013852
0.013958
0.014041
0.014126
0.014205
0.014273
0.014275
0.014204
0.014122
0.01405
0.013967
0.013857
0.013753
0.01364
0.013512
0.013386
0.013279
0.013149
0.013035
0.012904
0.012778
0.012701
0.012663
0.012584
0.012487
0.012431
0.012388
0.012346
0.012312
0.012274
0.012257
0.012224
0.012183
0.012129
0.012103
0.012076
0.012042
0.012007
0.011985
0.012075
0.012095
0.012118
0.012139
0.01215
0.012156
0.012182
0.012203
0.012263
0.012285
0.0123
0.012324
0.012379
0.01242
0.012489
0.012565
0.012618
0.012674
0.012737
0.012831
0.012916
0.013059
0.013213
0.013339
0.013448
0.013607
0.013718
0.013804
0.013909
0.014027
0.014147
0.014222
0.014262
0.014282
0.01426
0.014213
0.01414
0.014029
0.013892
0.013708
0.013595
0.013443
0.01329
0.013132
0.013009
0.012904
0.012797
0.012693
0.012618
0.012552
0.012516
0.012446
0.012382
0.012365
0.012365
0.012359
0.012331
0.012211
0.012118
0.012085
0.012078
0.012038
0.012013
0.012005
0.011992
0.01198
0.012113
0.012103
0.012089
0.012075
0.012095
0.012156
0.012172
0.012187
0.012222
0.012254
0.012295
0.012329
0.012341
0.012347
0.012406
0.012483
0.012545
0.012612
0.012665
0.012706
0.012798
0.012932
0.013091
0.013241
0.013417
0.01358
0.013713
0.013842
0.013955
0.014058
0.014157
0.014199
0.014237
0.014254
0.014238
0.014181
0.01411
0.013982
0.013855
0.013708
0.013525
0.013361
0.013216
0.013076
0.012964
0.012852
0.012748
0.012647
0.012545
0.012455
0.012401
0.012373
0.012371
0.012338
0.012302
0.012231
0.012169
0.012128
0.012089
0.012033
0.011973
0.011957
0.01195
0.011921
0.011918
0.011928
0.012081
0.012106
0.01213
0.012132
0.012126
0.012126
0.012154
0.012178
0.012176
0.012216
0.012242
0.012286
0.012314
0.012349
0.012373
0.012369
0.012401
0.012466
0.012547
0.012652
0.012805
0.01294
0.013063
0.013214
0.013353
0.013492
0.013699
0.013855
0.013979
0.014081
0.014123
0.014222
0.014278
0.014276
0.014234
0.014179
0.014101
0.013969
0.01381
0.013686
0.013511
0.013335
0.013162
0.013047
0.012935
0.01278
0.012647
0.012558
0.012505
0.012437
0.01236
0.01232
0.012273
0.012208
0.012157
0.012122
0.012087
0.012079
0.012059
0.01203
0.011981
0.011939
0.011934
0.011947
0.011945
0.011945
0.012001
0.011972
0.011955
0.012014
0.012054
0.012046
0.012055
0.012086
0.012131
0.012164
0.012168
0.012157
0.012134
0.012162
0.012199
0.012229
0.012267
0.012347
0.012457
0.012581
0.012714
0.012862
0.013007
0.013155
0.013322
0.013507
0.013644
0.013789
0.013922
0.014055
0.014186
0.014242
0.014224
0.014241
0.014274
0.014201
0.014055
0.013911
0.013729
0.013523
0.013357
0.013205
0.013027
0.012869
0.012696
0.012576
0.012488
0.012419
0.012329
0.012284
0.012241
0.012196
0.012154
0.012133
0.01209
0.012066
0.012027
0.011974
0.011955
0.011954
0.011951
0.011943
0.011929
0.011924
0.01191
0.0119
0.012033
0.012032
0.012035
0.012011
0.011995
0.012034
0.012069
0.012086
0.012078
0.012056
0.012064
0.012062
0.012082
0.0121
0.01209
0.012122
0.012213
0.012282
0.012356
0.012472
0.012591
0.012717
0.012834
0.012993
0.013164
0.013324
0.013497
0.013671
0.013834
0.013975
0.014108
0.014167
0.014198
0.014182
0.014123
0.014006
0.013887
0.013716
0.013558
0.013401
0.01322
0.013019
0.012845
0.012676
0.012574
0.012456
0.012357
0.012297
0.012231
0.012184
0.012143
0.012114
0.012087
0.012054
0.012011
0.011954
0.011921
0.011907
0.011915
0.011903
0.011902
0.0119
0.011905
0.011894
0.011893
0.011879
0.011931
0.011951
0.011984
0.01199
0.012003
0.011981
0.011965
0.011986
0.01198
0.01195
0.011942
0.011936
0.011967
0.011972
0.012006
0.012082
0.012097
0.012127
0.012187
0.01226
0.012349
0.012454
0.012606
0.012732
0.012884
0.013063
0.013191
0.013383
0.013591
0.013775
0.013903
0.01399
0.014037
0.014015
0.013918
0.013825
0.01368
0.013538
0.013375
0.01317
0.012984
0.012816
0.012653
0.012488
0.012354
0.012263
0.012183
0.012114
0.01208
0.012057
0.012055
0.012036
0.012005
0.011978
0.011942
0.011929
0.011912
0.011902
0.011868
0.011856
0.011866
0.011889
0.011862
0.011827
0.011806
0.011788
0.012024
0.012016
0.012005
0.012013
0.011996
0.011956
0.011925
0.011888
0.011897
0.01189
0.011872
0.01188
0.011855
0.011863
0.011893
0.011893
0.011931
0.01195
0.011983
0.012057
0.012103
0.012184
0.012281
0.012395
0.012517
0.012658
0.012895
0.013112
0.013312
0.013487
0.013617
0.013689
0.013721
0.01371
0.013649
0.013559
0.013444
0.01328
0.013098
0.012918
0.012736
0.012573
0.012435
0.012281
0.012152
0.012085
0.012019
0.011933
0.011901
0.011885
0.011864
0.011843
0.011844
0.011864
0.011865
0.011855
0.011847
0.011868
0.011869
0.011823
0.0118
0.011777
0.011767
0.01177
0.011758
0.011783
0.011938
0.011933
0.011927
0.011916
0.011895
0.011895
0.01186
0.011847
0.011824
0.011815
0.011813
0.011813
0.011831
0.011824
0.011803
0.011787
0.011771
0.011765
0.011775
0.011776
0.011834
0.011876
0.011917
0.012029
0.012172
0.012343
0.01253
0.012725
0.012887
0.013031
0.013179
0.013308
0.013365
0.013365
0.013336
0.013255
0.013098
0.012909
0.012687
0.012503
0.01234
0.012167
0.012009
0.011925
0.011867
0.011806
0.011738
0.011703
0.011688
0.011665
0.011647
0.011639
0.011679
0.011702
0.011721
0.011765
0.011801
0.011802
0.011771
0.011803
0.011813
0.011792
0.011772
0.011773
0.011803
0.011811
0.011889
0.011918
0.011917
0.011879
0.011834
0.011809
0.011801
0.011775
0.011758
0.01175
0.011737
0.011715
0.011681
0.011664
0.011653
0.01161
0.011588
0.011571
0.011566
0.011556
0.011527
0.011521
0.011566
0.01161
0.011712
0.011822
0.011961
0.012117
0.012294
0.012466
0.012623
0.01277
0.012882
0.012914
0.01283
0.012697
0.01255
0.012397
0.012228
0.012016
0.011838
0.011717
0.011627
0.011559
0.011485
0.011455
0.011477
0.011499
0.011494
0.011509
0.011559
0.011589
0.011622
0.011621
0.011643
0.011657
0.011655
0.011694
0.011753
0.011765
0.011752
0.011741
0.011745
0.011765
0.011782
0.011794
0.011791
0.011771
0.01176
0.011739
0.011737
0.011748
0.011739
0.011689
0.011628
0.011615
0.011614
0.011602
0.011572
0.011506
0.011425
0.011377
0.011347
0.01133
0.011293
0.011232
0.011196
0.011172
0.01117
0.011206
0.011232
0.011305
0.011415
0.011511
0.011636
0.011776
0.011929
0.012074
0.012166
0.012176
0.012111
0.01198
0.011819
0.011652
0.011502
0.011395
0.011283
0.011218
0.011167
0.011148
0.011135
0.011169
0.011208
0.011262
0.01131
0.011352
0.011356
0.011373
0.011402
0.011493
0.011572
0.011625
0.011685
0.011701
0.011688
0.011706
0.011735
0.011751
0.011771
0.011798
0.011806
0.011793
0.011699
0.011702
0.011685
0.01166
0.011641
0.011581
0.011568
0.011576
0.011589
0.011552
0.011499
0.01147
0.011424
0.011364
0.011298
0.011248
0.011164
0.011082
0.011016
0.010936
0.01085
0.010775
0.010708
0.010669
0.010664
0.010649
0.01065
0.010711
0.010808
0.010955
0.011087
0.011168
0.011205
0.011197
0.011134
0.011033
0.010915
0.010796
0.010702
0.010639
0.010601
0.010579
0.010629
0.010723
0.010807
0.01087
0.010947
0.01103
0.011096
0.011155
0.011221
0.011297
0.011346
0.011407
0.011503
0.011559
0.011581
0.011605
0.011634
0.011639
0.011649
0.01169
0.01175
0.011774
0.01177
0.011774
0.01167
0.011648
0.011626
0.011635
0.011637
0.011588
0.011524
0.01151
0.011502
0.01148
0.011427
0.011359
0.011292
0.011234
0.011181
0.01109
0.010978
0.010866
0.010728
0.010612
0.010484
0.010343
0.010213
0.010081
0.0099473
0.0098473
0.0097887
0.0097711
0.0098014
0.0098612
0.0099357
0.009993
0.010011
0.01
0.0099753
0.0099195
0.0098548
0.0098076
0.0097867
0.0097966
0.0098677
0.0099709
0.010097
0.0102
0.010312
0.010477
0.01062
0.010722
0.010829
0.01094
0.011039
0.011137
0.011233
0.01131
0.011366
0.011402
0.011445
0.011495
0.011574
0.011623
0.011639
0.011661
0.011684
0.011705
0.0117
0.011695
0.011525
0.011514
0.011528
0.011543
0.011527
0.011524
0.011524
0.011479
0.011404
0.011339
0.011303
0.011261
0.011221
0.011148
0.011034
0.010915
0.01077
0.010629
0.010487
0.010331
0.010122
0.009919
0.0096926
0.0094607
0.0092373
0.0090436
0.0088789
0.0087708
0.0086913
0.0086365
0.0086151
0.0086367
0.0086781
0.0086882
0.0086787
0.0086677
0.0086793
0.0087214
0.0088085
0.0089539
0.0091162
0.0093116
0.0095011
0.0097042
0.0098901
0.010068
0.010261
0.010439
0.0106
0.010734
0.010859
0.010976
0.011077
0.011138
0.01121
0.011323
0.011444
0.01149
0.011505
0.011558
0.011613
0.011678
0.011689
0.011659
0.011668
0.01168
0.011551
0.011569
0.01158
0.011582
0.011585
0.011573
0.011529
0.011456
0.011394
0.011335
0.011273
0.011179
0.011088
0.010989
0.010877
0.010758
0.01061
0.010442
0.01025
0.010017
0.0098001
0.00955
0.0092565
0.0089259
0.0086076
0.0083068
0.0079984
0.0076948
0.0074493
0.0072679
0.0071577
0.0071177
0.0071158
0.0071271
0.0071352
0.0071842
0.0072973
0.0074882
0.0077348
0.0080028
0.0083034
0.0086077
0.0089299
0.0092373
0.0095435
0.0097713
0.0099865
0.010182
0.010381
0.010574
0.010745
0.010882
0.011
0.011097
0.011189
0.011291
0.011374
0.011441
0.011514
0.011571
0.0116
0.011615
0.011643
0.011688
0.011707
0.0117
0.011604
0.011592
0.01158
0.011579
0.011551
0.011535
0.011522
0.011514
0.011463
0.01137
0.011271
0.011182
0.011097
0.010969
0.010813
0.010646
0.010484
0.010283
0.010037
0.0097762
0.0095148
0.0091877
0.0088259
0.0084342
0.0080085
0.0075613
0.0071182
0.0066742
0.0062574
0.0058988
0.0056309
0.0054793
0.0054295
0.0054342
0.0054845
0.0056369
0.0058908
0.0062307
0.0066609
0.0071322
0.0075993
0.0080284
0.0084292
0.0088105
0.0091919
0.009517
0.0097955
0.010046
0.010257
0.010467
0.010649
0.010791
0.010905
0.011037
0.011159
0.011244
0.011316
0.011409
0.011476
0.01152
0.011552
0.011562
0.011596
0.011629
0.011636
0.011648
0.01156
0.011543
0.011521
0.011496
0.011508
0.011532
0.011508
0.011454
0.011401
0.011348
0.011274
0.011161
0.011006
0.01088
0.010784
0.010597
0.010381
0.010145
0.0098896
0.0095995
0.0092431
0.0088604
0.0084437
0.0080055
0.0075319
0.0070037
0.0064074
0.0057945
0.0051922
0.0046187
0.0041503
0.003849
0.0037439
0.003732
0.0038218
0.0041187
0.0045929
0.0051545
0.0057517
0.0063756
0.0069813
0.0075376
0.0080568
0.0085042
0.0089118
0.0092934
0.0096064
0.0099188
0.0102
0.010417
0.010575
0.010721
0.010863
0.010972
0.011064
0.011179
0.011277
0.011379
0.011468
0.011538
0.011564
0.011572
0.011557
0.011563
0.011584
0.011587
0.011545
0.011563
0.011581
0.01157
0.011547
0.011499
0.011453
0.011404
0.011349
0.011307
0.01123
0.011119
0.010982
0.010808
0.010614
0.010459
0.010273
0.010025
0.0097302
0.0094148
0.009049
0.0086749
0.0082441
0.0077481
0.0072005
0.0065819
0.0059004
0.0051676
0.0043978
0.0036489
0.0029515
0.002422
0.0022907
0.002284
0.0024072
0.0029292
0.0036249
0.0043701
0.0051275
0.0058496
0.0065295
0.0071798
0.0077584
0.0082773
0.0087208
0.0091179
0.0094847
0.0098092
0.010081
0.010289
0.010494
0.010696
0.01083
0.010944
0.011043
0.011117
0.011206
0.01129
0.011355
0.011409
0.011513
0.011571
0.011602
0.011602
0.011591
0.011601
0.011617
0.011602
0.011583
0.011572
0.011535
0.01151
0.011475
0.011412
0.011361
0.0113
0.011203
0.011085
0.010944
0.010812
0.010658
0.010467
0.010219
0.0099702
0.0096995
0.0093838
0.0090422
0.0086421
0.0081886
0.0076583
0.007067
0.0064104
0.0056877
0.0049202
0.0041137
0.0032671
0.0024055
0.0015231
0.00050511
0.00050497
0.0015149
0.0023876
0.003235
0.0040848
0.0049119
0.0056806
0.0063914
0.0070383
0.0076403
0.00818
0.0086611
0.0090761
0.0094336
0.0097294
0.010021
0.01028
0.010471
0.010609
0.010747
0.010892
0.011027
0.011152
0.011237
0.011309
0.011377
0.011438
0.011493
0.011547
0.011589
0.01162
0.011652
0.011659
0.01159
0.01158
0.011538
0.011509
0.011503
0.011493
0.011467
0.011429
0.011346
0.011234
0.011124
0.011025
0.010928
0.010818
0.010644
0.010435
0.010262
0.010036
0.0097439
0.009442
0.0091038
0.0087463
0.0083084
0.0077991
0.0071986
0.0065678
0.0058928
0.0051568
0.0044134
0.0036615
0.0029564
0.0024263
0.0022915
0.002285
0.0024064
0.0029279
0.00361
0.0043564
0.0051023
0.0058225
0.0065166
0.0071639
0.0077264
0.008231
0.0086897
0.0091014
0.009469
0.0097966
0.01006
0.010268
0.010451
0.010608
0.010778
0.010895
0.011004
0.011111
0.011235
0.011315
0.011367
0.011442
0.011538
0.01159
0.011593
0.011612
0.011624
0.011624
0.011599
0.011596
0.011595
0.011569
0.011524
0.01148
0.011424
0.011356
0.011279
0.011186
0.011088
0.011047
0.01097
0.010824
0.010658
0.010489
0.010285
0.010059
0.009815
0.0095462
0.0092328
0.0088727
0.0084877
0.0080509
0.0075622
0.0070077
0.006417
0.0058067
0.0051951
0.0046228
0.0041611
0.0038557
0.0037521
0.0037372
0.0038232
0.0041101
0.0045668
0.0051223
0.0057124
0.0063324
0.0069148
0.0074549
0.0079892
0.0084684
0.0088653
0.0092104
0.0095448
0.009849
0.010096
0.010322
0.010524
0.010699
0.010827
0.01095
0.011078
0.011178
0.011257
0.01133
0.011381
0.011407
0.011418
0.011484
0.011558
0.011586
0.011591
0.0116
0.011607
0.011604
0.011612
0.011579
0.011528
0.011443
0.011357
0.01129
0.011238
0.01122
0.011189
0.011097
0.010978
0.010869
0.010739
0.010564
0.010374
0.010167
0.0099633
0.0097223
0.0094555
0.0091493
0.008802
0.0084481
0.0080384
0.0075957
0.0071473
0.0066872
0.0062681
0.0059104
0.005634
0.005484
0.0054391
0.0054264
0.0054551
0.0055843
0.0058449
0.0062088
0.0066214
0.0070703
0.0075292
0.0079824
0.0083718
0.0087485
0.0091095
0.0094209
0.0097009
0.0099543
0.010176
0.01038
0.010557
0.010715
0.010875
0.010996
0.011094
0.011187
0.01127
0.011317
0.011356
0.011414
0.011456
0.011494
0.011534
0.011564
0.011578
0.011563
0.011586
0.011575
0.011555
0.011539
0.011511
0.011491
0.01145
0.011387
0.011316
0.011262
0.01121
0.011124
0.011032
0.010938
0.010821
0.010681
0.010517
0.010333
0.010134
0.0099236
0.00969
0.0094441
0.0091796
0.0088757
0.0085879
0.0082767
0.0079919
0.0077246
0.0074749
0.007294
0.0071915
0.0071252
0.0070965
0.007101
0.0071219
0.0071812
0.0072942
0.007479
0.0077164
0.0079798
0.0082733
0.0085619
0.0088657
0.0091578
0.0094166
0.0096842
0.0099052
0.01011
0.010308
0.010486
0.010677
0.01083
0.010939
0.011053
0.011131
0.011195
0.011243
0.011316
0.011422
0.011471
0.011514
0.011533
0.011547
0.011548
0.011554
0.011582
0.011562
0.011571
0.011551
0.011536
0.011522
0.011497
0.011471
0.011428
0.011397
0.011325
0.011216
0.011152
0.011095
0.010989
0.010876
0.010785
0.010668
0.01055
0.01042
0.010229
0.010041
0.0098609
0.0096625
0.0094482
0.0092533
0.0090861
0.0089112
0.0087772
0.0086767
0.0086171
0.0086225
0.0086604
0.0086892
0.0086736
0.0086419
0.008618
0.0086063
0.0086466
0.008762
0.0089137
0.0090671
0.0092459
0.0094234
0.0095972
0.0097945
0.0099744
0.01015
0.010343
0.010517
0.010678
0.010819
0.01097
0.011088
0.011168
0.011221
0.011276
0.01134
0.011399
0.011423
0.011482
0.011501
0.01152
0.011529
0.01155
0.0116
0.011627
0.011643
0.011622
0.011596
0.011583
0.011547
0.011501
0.011473
0.011477
0.01143
0.011375
0.01134
0.011255
0.011151
0.011068
0.010993
0.010922
0.010844
0.010742
0.010624
0.010538
0.010429
0.010287
0.010163
0.010068
0.0099485
0.0098453
0.0097846
0.0097583
0.009795
0.0098502
0.0099214
0.009989
0.010032
0.010057
0.010012
0.0099481
0.0098929
0.00984
0.0098306
0.0098479
0.009893
0.0099549
0.010044
0.010152
0.010262
0.01038
0.010536
0.010668
0.010784
0.010879
0.010935
0.011021
0.011145
0.011256
0.01135
0.01139
0.011418
0.01146
0.011509
0.011543
0.011572
0.011589
0.011601
0.011638
0.011641
0.011635
0.011617
0.011612
0.011598
0.01159
0.011585
0.011578
0.011549
0.011529
0.011497
0.01145
0.011362
0.011285
0.011219
0.011157
0.011103
0.011075
0.011014
0.010943
0.010876
0.010793
0.010716
0.010628
0.010568
0.010527
0.010517
0.010543
0.010589
0.01064
0.010707
0.010826
0.010962
0.011086
0.011158
0.011182
0.011149
0.011084
0.010987
0.010862
0.010732
0.010625
0.010611
0.010632
0.010641
0.010657
0.010725
0.010816
0.010897
0.010941
0.010985
0.01104
0.011137
0.011223
0.011306
0.011383
0.011446
0.011473
0.01149
0.011508
0.01155
0.011567
0.0116
0.011627
0.011645
0.011656
0.011673
0.011678
0.011676
0.011664
0.011655
0.011653
0.011629
0.011588
0.011559
0.01153
0.011528
0.011522
0.011511
0.011463
0.011409
0.011369
0.011356
0.011281
0.011222
0.011178
0.011113
0.011046
0.011022
0.011016
0.01101
0.011016
0.011078
0.011184
0.011329
0.011451
0.011586
0.011736
0.011887
0.012036
0.012113
0.012107
0.012066
0.011973
0.011839
0.011688
0.011512
0.011352
0.011224
0.011151
0.011112
0.011116
0.011159
0.011191
0.011189
0.011202
0.011243
0.011291
0.011331
0.011348
0.011376
0.011414
0.011436
0.011485
0.011557
0.011607
0.011626
0.011643
0.011651
0.011667
0.011709
0.011733
0.011721
0.01171
0.011699
0.011705
0.011709
0.011692
0.011692
0.011667
0.011655
0.011662
0.011652
0.011632
0.01161
0.011594
0.011592
0.011554
0.011497
0.011448
0.011444
0.011423
0.011402
0.011365
0.011342
0.01136
0.011433
0.011509
0.011608
0.011727
0.011868
0.012067
0.012255
0.012446
0.012604
0.01276
0.012859
0.01287
0.012811
0.01268
0.012496
0.012312
0.012132
0.01196
0.011823
0.011722
0.011647
0.0116
0.011536
0.011471
0.011458
0.011465
0.011463
0.01146
0.011484
0.011518
0.011518
0.011535
0.011583
0.011653
0.011671
0.011684
0.011681
0.011721
0.011772
0.0118
0.011809
0.01177
0.011756
0.011754
0.011725
0.01172
0.011731
0.01172
0.011725
0.011758
0.011775
0.011746
0.011721
0.011702
0.011705
0.011712
0.011696
0.011703
0.011694
0.011683
0.011662
0.011621
0.011614
0.011653
0.01171
0.011766
0.011828
0.011933
0.012053
0.012192
0.012347
0.012555
0.012805
0.013027
0.013208
0.013305
0.013393
0.013448
0.013389
0.013227
0.013032
0.012816
0.012607
0.012447
0.012294
0.012148
0.012061
0.011968
0.011843
0.011758
0.011688
0.011649
0.011655
0.011702
0.0117
0.011708
0.011728
0.011723
0.011738
0.011767
0.011784
0.011771
0.011797
0.011787
0.011778
0.011775
0.011762
0.011802
0.011842
0.011865
0.011706
0.011723
0.011731
0.011755
0.011753
0.011736
0.01179
0.01182
0.011836
0.011816
0.011806
0.011768
0.01178
0.011808
0.011847
0.011881
0.011887
0.011924
0.011944
0.011996
0.012044
0.012122
0.012198
0.012313
0.012458
0.012605
0.012786
0.013001
0.013218
0.013392
0.013526
0.013641
0.013703
0.01371
0.013643
0.013549
0.013401
0.013228
0.013052
0.012885
0.0127
0.012526
0.012345
0.012209
0.0121
0.012015
0.011943
0.011899
0.011857
0.011838
0.011868
0.011893
0.011895
0.011922
0.011916
0.011873
0.011849
0.01186
0.011854
0.011837
0.011844
0.011848
0.011837
0.011819
0.011794
0.011781
0.011782
0.01179
0.011812
0.011823
0.011836
0.011892
0.01189
0.01185
0.011817
0.011826
0.01186
0.011895
0.011912
0.011931
0.011956
0.011979
0.012009
0.012092
0.012176
0.012249
0.012322
0.012382
0.012493
0.012626
0.012763
0.012928
0.013123
0.013341
0.013516
0.013675
0.013821
0.01389
0.013935
0.01394
0.013909
0.013839
0.013736
0.013612
0.013472
0.013273
0.01305
0.012827
0.012661
0.01252
0.012397
0.012267
0.012174
0.012121
0.012106
0.012068
0.012039
0.012024
0.012024
0.012034
0.012016
0.011991
0.011948
0.011936
0.011944
0.011949
0.011922
0.011895
0.011875
0.011879
0.011897
0.0119
0.01195
0.011911
0.011846
0.011853
0.01191
0.01194
0.011907
0.011909
0.011936
0.011952
0.011955
0.011986
0.01202
0.01207
0.012091
0.012132
0.01219
0.012267
0.012353
0.012425
0.0125
0.012608
0.012719
0.012867
0.013042
0.013228
0.013373
0.013512
0.01368
0.013829
0.013948
0.014017
0.014063
0.014086
0.014067
0.014001
0.013901
0.013741
0.01359
0.013424
0.013229
0.013075
0.012937
0.012763
0.012611
0.012532
0.01246
0.012366
0.012272
0.012219
0.01216
0.012111
0.012084
0.01204
0.012034
0.012059
0.012068
0.012044
0.011992
0.011971
0.01195
0.011927
0.011903
0.011895
0.011908
0.01192
0.011961
0.011979
0.011986
0.011936
0.011913
0.011918
0.011953
0.011993
0.012031
0.012032
0.012057
0.012115
0.012154
0.01219
0.012239
0.012314
0.012381
0.012426
0.012488
0.012574
0.012673
0.012793
0.012935
0.013076
0.013222
0.013378
0.013564
0.013721
0.013847
0.013998
0.014111
0.014171
0.014211
0.014191
0.014161
0.014077
0.013964
0.013851
0.013697
0.013539
0.0134
0.013233
0.013041
0.012889
0.012762
0.012666
0.012585
0.012462
0.01236
0.012296
0.01224
0.012191
0.012141
0.012113
0.012092
0.01206
0.012059
0.012059
0.012064
0.012039
0.012023
0.012034
0.012027
0.011992
0.01195
0.011926
0.012006
0.012002
0.012014
0.012017
0.012004
0.011995
0.012014
0.01206
0.012113
0.012176
0.012234
0.01227
0.01228
0.012292
0.012338
0.012379
0.012451
0.012544
0.012652
0.012788
0.012935
0.013058
0.013146
0.013245
0.013355
0.01349
0.013649
0.013796
0.013916
0.014016
0.01413
0.014205
0.014216
0.014211
0.01417
0.014086
0.013988
0.013859
0.013707
0.013561
0.013429
0.013299
0.013163
0.013016
0.012927
0.012845
0.012711
0.012602
0.012518
0.012416
0.012321
0.01225
0.012211
0.012204
0.01219
0.012174
0.012135
0.012107
0.012076
0.012073
0.012038
0.011985
0.011977
0.011977
0.011949
0.011936
0.011965
0.011976
0.012024
0.012046
0.012059
0.012071
0.012102
0.012154
0.012204
0.012253
0.01229
0.012331
0.012363
0.012384
0.012405
0.012452
0.012533
0.012637
0.012772
0.012882
0.012978
0.013104
0.013251
0.013352
0.013464
0.013579
0.013696
0.013797
0.013928
0.014032
0.014073
0.014128
0.014166
0.014159
0.014115
0.014061
0.013994
0.013902
0.013775
0.013621
0.013489
0.013351
0.013223
0.013098
0.012978
0.012832
0.012758
0.012719
0.012648
0.01255
0.012491
0.012419
0.012359
0.012297
0.012255
0.012207
0.012182
0.012137
0.01212
0.012084
0.012064
0.012065
0.012056
0.012041
0.012043
0.012045
0.012011
0.012018
0.012041
0.012097
0.012111
0.012109
0.01213
0.012178
0.012241
0.01229
0.012318
0.012319
0.012374
0.012415
0.012462
0.01255
0.01263
0.01267
0.01274
0.012858
0.012985
0.013122
0.013254
0.013386
0.013542
0.013663
0.013743
0.013826
0.01392
0.014015
0.01409
0.01412
0.014124
0.014094
0.014076
0.014044
0.014016
0.013929
0.013816
0.013672
0.013528
0.013403
0.013252
0.013115
0.013024
0.012953
0.012864
0.012738
0.012657
0.012597
0.012537
0.012473
0.012411
0.012299
0.012235
0.012233
0.01222
0.012189
0.012157
0.012148
0.012141
0.012119
0.012105
0.012075
0.012059
0.012061
0.012135
0.012157
0.012154
0.012117
0.012119
0.012144
0.012171
0.012173
0.012179
0.012233
0.012296
0.012356
0.012405
0.012481
0.012581
0.012664
0.012731
0.012817
0.012882
0.012939
0.01301
0.013113
0.013235
0.013387
0.013515
0.013617
0.013707
0.013821
0.013951
0.014066
0.014146
0.014187
0.014166
0.014162
0.014136
0.014101
0.014023
0.013949
0.01384
0.013708
0.013554
0.013401
0.01332
0.013266
0.013177
0.013065
0.012952
0.012845
0.012734
0.012651
0.012589
0.012521
0.012461
0.012419
0.012353
0.012285
0.012253
0.012256
0.012212
0.012171
0.012176
0.012186
0.012166
0.012168
0.01215
0.012126
0.012191
0.0122
0.012204
0.012217
0.012245
0.012272
0.012284
0.012311
0.012312
0.012331
0.012365
0.012427
0.01249
0.012534
0.012591
0.012654
0.012727
0.012796
0.012863
0.01293
0.013031
0.013154
0.013293
0.013422
0.013532
0.013658
0.013782
0.013902
0.013958
0.014
0.014043
0.014074
0.014109
0.014097
0.014061
0.013981
0.013897
0.01384
0.013779
0.013733
0.013663
0.013543
0.013412
0.013306
0.013223
0.013113
0.013002
0.012951
0.012859
0.012756
0.012672
0.012594
0.012511
0.012457
0.012402
0.012333
0.012286
0.012263
0.012236
0.012198
0.01216
0.012127
0.012131
0.012126
0.012126
0.012139
0.012232
0.012218
0.012198
0.012228
0.012263
0.012278
0.012297
0.012308
0.012324
0.012336
0.012367
0.012424
0.012477
0.012562
0.012626
0.012651
0.012712
0.01279
0.012901
0.013017
0.013127
0.013215
0.013274
0.013372
0.01349
0.013603
0.013723
0.013836
0.013921
0.01397
0.014022
0.01404
0.014007
0.013958
0.013924
0.013883
0.013802
0.013742
0.013683
0.013631
0.013577
0.013518
0.013432
0.013303
0.013171
0.013063
0.012973
0.012897
0.012826
0.012749
0.012642
0.012576
0.01255
0.012526
0.012457
0.012412
0.01234
0.012263
0.012228
0.012232
0.012209
0.012168
0.012178
0.012158
0.012138
0.012123
0.012143
0.01215
0.012175
0.012215
0.012253
0.012254
0.012279
0.012298
0.012339
0.012364
0.012385
0.012437
0.012497
0.01255
0.012607
0.012694
0.012775
0.012849
0.012936
0.013008
0.01308
0.013149
0.013217
0.013331
0.013436
0.013531
0.013653
0.013756
0.013816
0.013845
0.013883
0.013949
0.013986
0.013965
0.013888
0.013824
0.013775
0.013688
0.013626
0.013551
0.013502
0.013443
0.013363
0.013256
0.013154
0.013061
0.012977
0.012883
0.012833
0.012768
0.012697
0.012627
0.012534
0.012462
0.012414
0.012365
0.012325
0.012283
0.012246
0.012215
0.012202
0.012192
0.012134
0.012129
0.012129
0.012123
0.01214
0.012156
0.012182
0.012187
0.012185
0.012248
0.012279
0.012311
0.012332
0.012339
0.01238
0.012425
0.012462
0.012512
0.012585
0.012629
0.012676
0.012768
0.012864
0.012979
0.013057
0.013122
0.013234
0.013301
0.013382
0.013506
0.013613
0.013661
0.013706
0.01373
0.013765
0.013807
0.013862
0.013863
0.013816
0.013782
0.013725
0.013678
0.013595
0.013495
0.013399
0.013321
0.013252
0.013173
0.013065
0.012992
0.01295
0.012882
0.012804
0.012715
0.01265
0.012602
0.012541
0.012445
0.012408
0.012359
0.012304
0.012271
0.012239
0.012144
0.012094
0.012065
0.012056
0.012042
0.012022
0.01201
0.012108
0.012126
0.012152
0.012181
0.01222
0.012249
0.012268
0.012292
0.012291
0.01229
0.012326
0.012388
0.012467
0.012524
0.012568
0.01264
0.01271
0.012767
0.012805
0.012888
0.013003
0.013101
0.013168
0.013245
0.013334
0.013422
0.01349
0.013564
0.013624
0.013676
0.013685
0.013719
0.013709
0.013715
0.013729
0.0137
0.013648
0.013567
0.013509
0.013431
0.013325
0.013245
0.013173
0.013101
0.013013
0.012954
0.012883
0.012822
0.012745
0.012645
0.012587
0.012517
0.012456
0.012429
0.012386
0.012342
0.012327
0.01228
0.012225
0.012178
0.012103
0.012054
0.012033
0.012018
0.012025
0.012032
0.012102
0.0121
0.012094
0.01212
0.012138
0.012168
0.012199
0.012215
0.012244
0.012314
0.012367
0.012382
0.012425
0.012492
0.012556
0.012608
0.012644
0.012689
0.012758
0.012817
0.012878
0.012991
0.013084
0.013174
0.013264
0.013315
0.013349
0.013373
0.013428
0.013514
0.013549
0.013533
0.013533
0.013572
0.013579
0.01355
0.013521
0.013464
0.013411
0.013375
0.013313
0.013227
0.013113
0.013021
0.012977
0.012936
0.012879
0.012814
0.012762
0.012733
0.012637
0.01259
0.012574
0.012511
0.012431
0.012362
0.012303
0.012271
0.012242
0.012221
0.012203
0.012149
0.012082
0.012058
0.012082
0.012092
0.011954
0.011959
0.011992
0.01201
0.012036
0.012094
0.012159
0.012194
0.012258
0.012312
0.012343
0.012376
0.0124
0.012444
0.012494
0.012529
0.012567
0.012593
0.012627
0.012702
0.012805
0.01287
0.012964
0.01306
0.013102
0.013143
0.013188
0.013249
0.013298
0.013321
0.013353
0.013372
0.01341
0.013427
0.013447
0.013447
0.013426
0.01339
0.013333
0.013281
0.013233
0.013154
0.013069
0.013005
0.012962
0.012859
0.01276
0.012696
0.01264
0.012612
0.01262
0.012582
0.012501
0.012454
0.012414
0.012373
0.012311
0.012224
0.012208
0.012202
0.012143
0.012093
0.012067
0.012025
0.011976
0.011955
0.011949
0.011957
0.011954
0.011953
0.01201
0.012073
0.012142
0.0122
0.01223
0.012253
0.012282
0.012304
0.012328
0.012346
0.012361
0.012427
0.012513
0.012583
0.012624
0.012668
0.012729
0.012776
0.012844
0.012898
0.012933
0.012967
0.013021
0.013088
0.013123
0.013141
0.013207
0.013269
0.013283
0.013269
0.013252
0.013243
0.013245
0.013236
0.013206
0.013144
0.013089
0.013002
0.012963
0.012914
0.012837
0.012765
0.012709
0.012657
0.012587
0.012551
0.012522
0.012485
0.012427
0.012386
0.012344
0.012339
0.012326
0.012276
0.012205
0.012128
0.012079
0.012056
0.01203
0.012009
0.01197
0.011951
0.011882
0.011898
0.011935
0.012011
0.012094
0.01211
0.012089
0.01211
0.012182
0.012215
0.012205
0.012207
0.012233
0.012243
0.012288
0.012358
0.012414
0.012472
0.012552
0.012604
0.012642
0.012693
0.012736
0.012774
0.012833
0.012911
0.012957
0.012982
0.012986
0.013047
0.013108
0.013118
0.013125
0.013152
0.01317
0.013135
0.013088
0.013075
0.01304
0.012989
0.012958
0.012948
0.012885
0.012809
0.012728
0.012624
0.012579
0.012526
0.012478
0.012439
0.012386
0.012341
0.012332
0.012337
0.012316
0.012245
0.012197
0.012181
0.012132
0.012103
0.0121
0.012085
0.012042
0.011984
0.011951
0.011942
0.011863
0.011901
0.011963
0.012015
0.012036
0.012072
0.012095
0.012089
0.012068
0.012072
0.012075
0.012066
0.012097
0.012154
0.012213
0.012248
0.012326
0.012403
0.012457
0.012508
0.012539
0.012567
0.012598
0.012611
0.012656
0.012728
0.012815
0.012869
0.012947
0.012965
0.01294
0.012932
0.012936
0.01294
0.012922
0.012914
0.012909
0.012879
0.012854
0.012846
0.012831
0.012802
0.012767
0.012701
0.012614
0.012572
0.01249
0.012429
0.012409
0.012396
0.012374
0.012326
0.01228
0.012248
0.012216
0.012171
0.012133
0.012103
0.012076
0.01205
0.012024
0.012016
0.012005
0.011993
0.011979
0.01197
0.011886
0.011895
0.011925
0.01197
0.011976
0.011948
0.011943
0.011949
0.011939
0.011964
0.011984
0.011993
0.012001
0.012049
0.012101
0.012159
0.0122
0.012264
0.012314
0.01234
0.012364
0.012443
0.012499
0.012559
0.012629
0.012649
0.012659
0.012694
0.012744
0.012798
0.012843
0.012876
0.012859
0.012828
0.012834
0.012818
0.012791
0.012746
0.012716
0.01269
0.012628
0.012562
0.0125
0.012478
0.012437
0.012367
0.012309
0.012241
0.012188
0.01218
0.012145
0.012096
0.012055
0.012002
0.011971
0.011947
0.011928
0.011939
0.011959
0.011987
0.011986
0.011999
0.011996
0.011967
0.011926
0.011901
0.011874
0.011922
0.011977
0.011973
0.011911
0.011855
0.011837
0.011849
0.011861
0.011868
0.011897
0.011927
0.011941
0.011947
0.011982
0.012028
0.012046
0.012081
0.012127
0.012164
0.012206
0.012237
0.012318
0.012422
0.01247
0.012508
0.012567
0.012633
0.01265
0.012669
0.012669
0.012681
0.012731
0.012731
0.012692
0.012695
0.012663
0.012633
0.012604
0.012581
0.012513
0.012443
0.012409
0.012358
0.012299
0.01225
0.012186
0.012157
0.012119
0.012055
0.012015
0.011982
0.011919
0.011856
0.011825
0.011829
0.011857
0.0119
0.011916
0.011926
0.011968
0.012
0.012011
0.012006
0.011984
0.011953
0.012148
0.012142
0.012068
0.011992
0.011941
0.011902
0.011868
0.011841
0.011824
0.01181
0.011813
0.011846
0.011895
0.011935
0.011965
0.011989
0.012028
0.012068
0.012114
0.012159
0.012221
0.012267
0.012302
0.012338
0.012417
0.01252
0.012584
0.012614
0.01265
0.012673
0.012709
0.012739
0.01273
0.012729
0.012729
0.012716
0.012699
0.012679
0.012619
0.012524
0.012476
0.012452
0.012391
0.012331
0.012298
0.012268
0.012199
0.012121
0.012063
0.011992
0.011925
0.011892
0.011882
0.011844
0.011816
0.011802
0.011789
0.011794
0.011841
0.011917
0.011961
0.011995
0.012067
0.012141
0.012165
0.01212
0.012811
0.012676
0.012518
0.012367
0.012265
0.012204
0.012153
0.012114
0.012099
0.012111
0.01214
0.012185
0.012222
0.012252
0.012263
0.012286
0.012331
0.012378
0.012442
0.012525
0.012607
0.012675
0.012739
0.012796
0.012846
0.012885
0.012926
0.012983
0.013054
0.013112
0.013137
0.013154
0.013168
0.013168
0.01315
0.013126
0.013096
0.013054
0.013008
0.012961
0.012895
0.012827
0.012768
0.012721
0.012652
0.012578
0.012521
0.012446
0.01234
0.012231
0.012159
0.012117
0.012097
0.012114
0.012132
0.012154
0.012171
0.012177
0.012186
0.012198
0.012241
0.012303
0.012385
0.012494
0.012656
0.012815
