0
0
0
0
0
0
0
0
0
0
0
0
0
0
0
0
0
0
0
0
0
0
0
0
0
0
0
0
0
0
0
0
0
0
0
0
0
0
0
0
0
0
0
0
0
0
0
0
0
0
0
0
0
0
0
0
0
0
0
0
0
0
0
0
0
0.00014073
0.00020581
0.00016921
9.9649e-05
7.4253e-05
4.8138e-05
1.3156e-05
-8.4709e-06
-1.7871e-05
-6.7743e-07
-7.975e-06
-2.8689e-05
-5.2865e-05
-4.1716e-05
-2.5204e-05
-3.5558e-05
-5.7608e-05
-6.8426e-05
-6.8036e-05
-7.3803e-05
-5.7796e-05
-3.1978e-05
-2.3635e-05
-4.2886e-05
-2.998e-05
-1.6595e-06
-2.4338e-05
-4.6353e-05
-3.0137e-05
-2.6234e-05
-1.6818e-05
-8.212e-06
-1.0312e-05
5.4126e-06
1.4334e-05
2.0552e-05
2.0735e-05
3.3228e-05
2.9456e-05
4.207e-05
5.006e-05
4.5327e-05
1.7593e-05
4.1004e-05
6.7395e-05
5.4454e-05
2.0928e-05
8.2954e-06
3.1759e-05
2.2688e-05
3.1008e-05
5.7318e-05
6.0766e-05
4.1877e-05
3.066e-05
1.3367e-05
-4.2715e-06
-3.8167e-05
-3.2223e-05
-3.9837e-05
-5.5938e-05
-6.4566e-05
-9.676e-05
-0.00014566
-0.00013688
0.00012658
0.00019682
0.00021173
0.00018449
0.00013383
9.0474e-05
3.8944e-05
7.9571e-06
-6.8261e-06
-2.488e-05
-4.4972e-05
-3.6899e-05
-5.7827e-05
-7.2188e-05
-8.1396e-05
-8.7095e-05
-7.4764e-05
-0.00013257
-0.000146
-0.00012075
-0.00013275
-0.00010311
-5.6494e-05
-4.3744e-05
-3.6112e-05
-3.1361e-05
-5.4321e-05
-8.8551e-05
-7.6371e-05
-5.5317e-05
-3.3237e-05
-3.4349e-05
-5.6078e-06
4.05e-05
3.2389e-05
3.0957e-05
2.6164e-05
6.2722e-05
8.4428e-05
6.5988e-05
7.4334e-05
8.8647e-05
8.6095e-05
8.1046e-05
7.6366e-05
9.8361e-05
6.7284e-05
5.1677e-05
6.1567e-05
6.2321e-05
9.3317e-05
9.4997e-05
6.5592e-05
3.9987e-05
2.0184e-05
2.3956e-05
-4.0145e-06
-2.6134e-05
-3.8014e-05
-4.6143e-05
-7.3935e-05
-0.00014675
-0.00018261
-0.00019302
-0.00012906
0.00012432
0.00019913
0.00022123
0.00021412
0.00013207
8.5185e-05
4.1078e-05
2.1723e-05
2.1555e-05
-4.1344e-05
-8.6633e-05
-5.4747e-05
-6.9856e-05
-0.0001143
-0.00012916
-0.00012125
-0.00011872
-0.0001433
-0.00018212
-0.00019467
-0.00019177
-0.00017798
-0.00012439
-8.0379e-05
-8.5317e-05
-8.3277e-05
-0.00010419
-8.7311e-05
-7.1912e-05
-7.609e-05
-5.8834e-05
-4.7139e-05
-7.3281e-06
2.6969e-05
1.7366e-05
2.9082e-05
5.9112e-05
8.5382e-05
0.00010297
0.00010489
0.0001338
0.00014059
0.00013424
0.00014921
0.00012
0.0001254
0.0001317
9.8726e-05
0.00010286
0.00010403
0.00012633
0.0001227
9.6453e-05
5.3134e-05
2.5417e-05
2.862e-05
9.3207e-06
-2.0614e-05
-1.7916e-05
-5.4116e-05
-9.8303e-05
-0.00016839
-0.00019601
-0.0001607
-7.7128e-05
7.1475e-05
0.00015932
0.00017688
0.00018278
0.00014999
0.00012994
6.4871e-05
7.3358e-06
1.5407e-06
-3.7421e-05
-9.8395e-05
-0.00012136
-0.00011604
-0.00011915
-0.00013585
-0.00016819
-0.00017115
-0.0002166
-0.00023142
-0.00021195
-0.00021876
-0.00026613
-0.0002296
-0.00016562
-0.00012517
-0.00010941
-0.00012073
-0.00011299
-9.7527e-05
-7.9301e-05
-6.0181e-05
-5.9238e-05
-3.7539e-05
-7.9643e-07
2.4362e-06
1.8733e-05
7.7071e-05
0.0001236
0.00015132
0.00016412
0.00017594
0.00020765
0.00020989
0.00020275
0.00018138
0.00016188
0.00016551
0.00016674
0.00016404
0.00015799
0.00016576
0.00015269
0.00010739
8.4091e-05
5.1672e-05
4.3011e-05
1.2034e-05
3.5516e-06
1.0438e-05
-6.1489e-05
-0.00010564
-0.00016644
-0.00019825
-0.00014653
-7.3943e-05
4.3249e-05
0.00010377
0.0001265
0.00015324
0.00014437
0.00012379
8.1255e-05
1.8044e-05
-2.7565e-05
-8.1627e-05
-0.00011432
-0.0001382
-0.00014611
-0.00015612
-0.00017208
-0.00021506
-0.00025508
-0.00027129
-0.00023809
-0.0002514
-0.0003116
-0.00031041
-0.00028326
-0.00023342
-0.00017273
-0.00015738
-0.00019104
-0.00014423
-0.00012377
-9.8431e-05
-4.4007e-05
-2.6587e-05
-2.0751e-05
-3.163e-05
-1.035e-05
3.4951e-05
0.00010674
0.00012624
0.00015118
0.00018997
0.00024481
0.00025276
0.00025802
0.0002509
0.00027176
0.00028056
0.00023609
0.00023264
0.0002213
0.00020251
0.00020195
0.00017843
0.00011842
0.00010698
8.4419e-05
5.7446e-05
3.0076e-05
1.9987e-06
1.5188e-05
-4.3113e-05
-0.00013973
-0.00013684
-0.00012099
-9.921e-05
-4.7769e-05
1.8253e-05
7.7698e-05
0.00012502
0.00012075
9.4014e-05
6.6774e-05
4.8926e-05
-1.484e-05
-7.6917e-05
-0.00011958
-0.0001158
-0.00014171
-0.00016267
-0.00020128
-0.00022333
-0.00026477
-0.0002983
-0.00031034
-0.00031374
-0.00031942
-0.00035028
-0.00032457
-0.00029892
-0.0002991
-0.00027703
-0.00022921
-0.00020444
-0.00019282
-0.00017283
-0.00012764
-8.7951e-05
-6.2283e-05
-1.7224e-05
-3.7266e-06
5.6479e-05
7.4422e-05
0.00012355
0.00015441
0.0001961
0.00025528
0.00028406
0.00029945
0.00029133
0.00030188
0.00032214
0.00034128
0.00033187
0.00032138
0.00028102
0.00025896
0.00022745
0.00019073
0.00016682
0.00013421
0.00013023
8.7605e-05
3.3719e-05
5.0771e-06
3.024e-06
-4.559e-05
-0.00010772
-9.6266e-05
-8.1913e-05
-7.8402e-05
-4.6297e-05
5.7819e-06
3.7813e-05
6.5586e-05
4.079e-05
2.7263e-05
4.237e-06
-1.8071e-05
-6.5592e-05
-0.00011136
-0.00012214
-0.00013511
-0.00014193
-0.00018474
-0.0002488
-0.00027231
-0.00030472
-0.00036749
-0.0003701
-0.00038124
-0.00037457
-0.00041535
-0.00038122
-0.00035648
-0.00038177
-0.00033476
-0.00027162
-0.00024054
-0.00022919
-0.00022804
-0.00018915
-0.00013097
-9.1311e-05
-1.1266e-05
3.2136e-05
7.6786e-05
0.00014035
0.00017331
0.00022184
0.00024832
0.00030972
0.00032855
0.00034481
0.00035369
0.00034865
0.00037506
0.00039196
0.0003822
0.00038503
0.00035516
0.00030882
0.00026464
0.00022719
0.0002022
0.00018225
0.00016881
0.00013627
7.7406e-05
3.1264e-05
-1.2015e-05
-5.383e-05
-6.5159e-05
-7.1716e-05
-6.2157e-05
-5.4096e-05
-2.0227e-05
1.2368e-05
9.5368e-06
-1.3474e-05
-7.7446e-06
-1.5397e-05
-3.9933e-05
-6.6367e-05
-8.8181e-05
-0.00011346
-0.00012963
-0.00016263
-0.00022467
-0.00026026
-0.00028102
-0.00032789
-0.00035522
-0.00040448
-0.00041831
-0.00044607
-0.00045396
-0.00048301
-0.0004539
-0.0004228
-0.00041664
-0.00039822
-0.00034421
-0.00032109
-0.00028953
-0.00026581
-0.0002067
-0.00016296
-8.3505e-05
-2.8376e-05
4.2481e-05
0.00010058
0.00017679
0.0002598
0.0002799
0.00030845
0.00037647
0.00039353
0.00039886
0.00043331
0.00042052
0.00040697
0.00041987
0.00043856
0.00044367
0.00040403
0.00035138
0.00032173
0.00028956
0.00024987
0.00026368
0.00022558
0.00016512
0.00010902
6.4344e-05
-5.2074e-06
-8.4042e-05
-5.4626e-05
-4.9123e-05
-4.1167e-05
-5.3215e-06
-1.0444e-05
-1.6294e-05
-1.2118e-05
-1.4506e-05
-3.9951e-05
-6.7467e-05
-9.1179e-05
-9.1791e-05
-9.895e-05
-0.0001555
-0.00020492
-0.0002215
-0.00027112
-0.00030746
-0.00037122
-0.00038271
-0.0004032
-0.00044018
-0.00049773
-0.00050848
-0.00053845
-0.00056344
-0.00051879
-0.00048053
-0.0004768
-0.00046678
-0.00045251
-0.00039799
-0.00030877
-0.00028379
-0.00027777
-0.0002308
-0.00012383
-3.1944e-05
6.5837e-05
0.00013746
0.00024922
0.00031918
0.00035662
0.00041108
0.00043956
0.00043523
0.00047482
0.00052396
0.00049572
0.00047055
0.00049583
0.00047987
0.00048771
0.00046242
0.00042177
0.00039755
0.00036027
0.00030969
0.00028691
0.0002448
0.00021276
0.00015666
9.7132e-05
2.5291e-06
-4.1882e-05
-3.5319e-05
-7.8476e-06
-2.2958e-05
-2.7325e-05
-2.6765e-06
1.5263e-05
5.649e-07
-2.1674e-05
-5.2781e-05
-0.00011066
-0.00013022
-0.00012697
-0.00016009
-0.00019374
-0.00026629
-0.00029114
-0.00034554
-0.00036893
-0.00043069
-0.00045759
-0.00046677
-0.00050277
-0.00055877
-0.00056885
-0.00060195
-0.00062726
-0.00059917
-0.00058018
-0.00053454
-0.00050333
-0.00051137
-0.00048266
-0.00040913
-0.00036001
-0.00033397
-0.00027877
-0.0001519
-4.7596e-05
6.022e-05
0.00018566
0.0002948
0.00036947
0.00043343
0.00048502
0.00050636
0.000523
0.00056245
0.00059938
0.00059692
0.0005851
0.00059813
0.00055025
0.00057308
0.00054632
0.00046596
0.00044444
0.0004102
0.00034098
0.00032878
0.00027351
0.00023524
0.00019007
0.00014011
3.7925e-05
1.2505e-05
6.7573e-06
1.24e-05
1.9426e-07
-9.2704e-06
3.6029e-06
-1.2603e-05
-2.4327e-05
-2.2115e-05
-6.3534e-05
-0.00011602
-0.00013146
-0.00015966
-0.0002519
-0.00027103
-0.00032868
-0.00034445
-0.00038973
-0.00041769
-0.00045344
-0.00052601
-0.00056399
-0.00060918
-0.00065566
-0.00066342
-0.00061696
-0.00067482
-0.00068193
-0.00066887
-0.00063277
-0.00062871
-0.00059156
-0.00055806
-0.00048342
-0.00042988
-0.00037914
-0.00028196
-0.00015566
-3.2279e-05
9.789e-05
0.00019906
0.00032717
0.00043877
0.00050089
0.00053854
0.00057563
0.00058617
0.00062545
0.00067002
0.00068687
0.00068191
0.00069958
0.00067389
0.00063169
0.0006064
0.00058984
0.00052172
0.00045839
0.00037541
0.00036551
0.00034231
0.00028742
0.00022891
0.00015434
7.6553e-05
4.5675e-05
5.6184e-05
2.3029e-05
5.5829e-06
3.2267e-06
-4.5687e-06
-2.9726e-05
-4.7791e-05
-6.5507e-05
-6.5784e-05
-9.7961e-05
-0.00016557
-0.00018661
-0.0002694
-0.00033813
-0.00036882
-0.00039634
-0.00045213
-0.00047489
-0.0005312
-0.00059076
-0.00065756
-0.00070403
-0.0007258
-0.00074186
-0.00072267
-0.00076336
-0.00076293
-0.00076584
-0.00076509
-0.00070638
-0.00068611
-0.00063925
-0.00057191
-0.00048309
-0.00042405
-0.00028736
-0.00013646
-1.3353e-05
0.00011198
0.00027141
0.00038255
0.00048019
0.0005553
0.00057646
0.0006587
0.00070456
0.00075357
0.00073287
0.00075074
0.00075105
0.00077453
0.00078973
0.00073736
0.00069446
0.00065649
0.00060444
0.00056796
0.00045744
0.0004086
0.00037683
0.00031587
0.00024279
0.00017176
0.00011428
8.2069e-05
7.2649e-05
7.981e-05
3.7954e-05
-1.0526e-06
6.3934e-06
-2.9156e-05
-6.0182e-05
-9.9744e-05
-0.00011708
-0.00013241
-0.00018888
-0.00021762
-0.00026766
-0.00034156
-0.00040116
-0.00044606
-0.00048632
-0.00056244
-0.00059643
-0.00067663
-0.00073008
-0.00075613
-0.00080843
-0.00085581
-0.00085086
-0.00088173
-0.00085882
-0.00087563
-0.00089178
-0.00080374
-0.00079049
-0.00072557
-0.00066249
-0.0005723
-0.0004415
-0.00028178
-0.0001277
2.3706e-06
0.00012871
0.00031647
0.00045531
0.00051734
0.00060597
0.00066504
0.00075163
0.00080062
0.00084283
0.00085297
0.00084565
0.00087625
0.00086837
0.00084521
0.00082551
0.0007793
0.00074103
0.00066627
0.00062391
0.00055595
0.0005045
0.00040473
0.00033662
0.00028037
0.00021186
0.0001739
0.00012477
8.288e-05
5.4614e-05
6.5831e-05
4.9885e-05
2.634e-05
-2.2407e-05
-4.5284e-05
-7.7108e-05
-0.00013512
-0.0001693
-0.00020643
-0.00024001
-0.00025336
-0.00037372
-0.00044281
-0.00049782
-0.00056054
-0.00064605
-0.00065567
-0.00072702
-0.00079103
-0.0008519
-0.00091128
-0.00092379
-0.00095499
-0.0009677
-0.00098258
-0.0010121
-0.00099169
-0.00091665
-0.00091996
-0.00083358
-0.00076202
-0.00064227
-0.00046603
-0.00031478
-0.00014235
3.1554e-05
0.0001637
0.00032371
0.00050204
0.00057415
0.00065608
0.00074566
0.00087052
0.00089049
0.00094
0.00098835
0.00099696
0.00099103
0.00094999
0.00092551
0.00092254
0.00090619
0.00081061
0.00070853
0.00069608
0.00063849
0.00056441
0.00049147
0.00039452
0.00029495
0.00022647
0.00019873
0.00015176
0.00013084
0.00011689
7.7843e-05
2.5968e-05
4.4615e-06
-2.1016e-05
-4.8094e-05
-8.4688e-05
-0.00014269
-0.00018222
-0.00022312
-0.00026975
-0.00030077
-0.00039328
-0.0004614
-0.00052643
-0.00059711
-0.00068814
-0.00072204
-0.00078667
-0.00087601
-0.00093836
-0.00099751
-0.0010239
-0.0010568
-0.0010503
-0.0011008
-0.0011365
-0.0011112
-0.0010492
-0.0010272
-0.00098396
-0.00086847
-0.00072534
-0.00055031
-0.00039449
-0.00021024
2.979e-05
0.00023442
0.0004064
0.00057376
0.00065673
0.00076652
0.00084946
0.00098342
0.0010191
0.0010653
0.0010958
0.0011272
0.0011049
0.0010807
0.0010516
0.00099909
0.0009444
0.00088956
0.00080603
0.00075224
0.00068116
0.00060678
0.00052492
0.00043256
0.00031191
0.00025934
0.00024009
0.00020559
0.00015653
0.00014467
0.00011121
6.1132e-05
2.6175e-05
-4.0479e-05
-7.1305e-05
-0.0001058
-0.00015358
-0.00018864
-0.00024894
-0.00029089
-0.00036026
-0.00041521
-0.00047701
-0.00055035
-0.00065239
-0.00072901
-0.00079059
-0.00086302
-0.00092918
-0.00099392
-0.0010603
-0.001118
-0.0011423
-0.0011931
-0.0012545
-0.0012622
-0.0012202
-0.0012089
-0.0011375
-0.00107
-0.00097384
-0.00084385
-0.00066968
-0.00046931
-0.00025044
9.8096e-06
0.00025668
0.00045331
0.00064632
0.00076754
0.00090364
0.0010332
0.0010972
0.0011704
0.0012186
0.0012536
0.0012503
0.0012101
0.0011875
0.0011552
0.0010749
0.0010101
0.00092555
0.00087551
0.00081662
0.00069803
0.00060726
0.00053094
0.00046034
0.00043134
0.00035231
0.00027343
0.00021245
0.00019705
0.00016902
0.00012001
7.3275e-05
3.8462e-05
-3.0304e-05
-5.7623e-05
-9.2311e-05
-0.00017357
-0.00024887
-0.00026563
-0.00030521
-0.00039539
-0.00044705
-0.00051875
-0.00058449
-0.00066356
-0.00073573
-0.00084943
-0.00093949
-0.00099205
-0.0010601
-0.0011131
-0.0011592
-0.0012342
-0.0013279
-0.0014129
-0.0014123
-0.001396
-0.0013726
-0.0012706
-0.0011989
-0.0010866
-0.00094681
-0.0007684
-0.00051165
-0.00028864
-6.5524e-06
0.00027221
0.00051029
0.00071701
0.00089646
0.0010297
0.0011804
0.00128
0.0013348
0.0013641
0.0013936
0.0013618
0.0013217
0.0012924
0.0012555
0.0011778
0.0010996
0.00097996
0.00090328
0.00081832
0.00073101
0.00064367
0.00060219
0.0005219
0.00047258
0.00039109
0.00032905
0.00027245
0.00021377
0.00017594
0.00014912
7.6305e-05
2.7725e-05
-5.567e-05
-8.1336e-05
-9.4266e-05
-0.0001672
-0.00024875
-0.00029388
-0.00032964
-0.00039277
-0.00048734
-0.000545
-0.00062796
-0.00069229
-0.00077069
-0.00087263
-0.00093591
-0.001024
-0.0011252
-0.0011946
-0.0012635
-0.0013874
-0.0014632
-0.0015351
-0.0015641
-0.0015347
-0.0015112
-0.0014783
-0.001355
-0.0012102
-0.0010491
-0.00080992
-0.00061076
-0.00034481
-3.8581e-06
0.00031381
0.00056562
0.00079424
0.0010284
0.0011893
0.0013041
0.001455
0.0015105
0.0015375
0.0015084
0.0014744
0.0014761
0.0014254
0.0013447
0.0012312
0.0011672
0.0010571
0.00094307
0.00086485
0.0007966
0.00069433
0.00063786
0.00055664
0.00048069
0.00041055
0.00035861
0.00032088
0.00025631
0.00018048
0.00013625
7.8733e-05
2.7264e-05
-2.624e-05
-6.4366e-05
-0.00015371
-0.00020707
-0.00024055
-0.00030282
-0.00036041
-0.00043789
-0.00052062
-0.00054911
-0.00061671
-0.0006695
-0.00079867
-0.00090909
-0.00096636
-0.0010626
-0.0012048
-0.0013045
-0.001387
-0.0015212
-0.0016105
-0.0016809
-0.001712
-0.0017012
-0.0016963
-0.0016152
-0.0015003
-0.0013433
-0.0011816
-0.00094126
-0.00066691
-0.00032671
-2.1126e-05
0.00028142
0.00063837
0.00094048
0.0011722
0.0013707
0.001511
0.0016203
0.0016624
0.0017158
0.0016664
0.0016472
0.0015967
0.0015126
0.0014143
0.0013215
0.0012116
0.0011004
0.00098778
0.00090754
0.00081726
0.00073761
0.00066112
0.00059574
0.00053435
0.0004291
0.00035969
0.000324
0.00026385
0.00019486
0.00014076
9.307e-05
3.754e-05
-2.5376e-05
-6.6933e-05
-0.00012998
-0.00019027
-0.00027959
-0.00033854
-0.0003775
-0.0004297
-0.00049827
-0.00055707
-0.00061547
-0.00068943
-0.000816
-0.00089929
-0.00099802
-0.0011538
-0.0012735
-0.0013788
-0.0015032
-0.0016399
-0.0017371
-0.0017972
-0.0018709
-0.0018723
-0.0018568
-0.0017882
-0.0016741
-0.0015066
-0.0013223
-0.0010743
-0.0007257
-0.00035809
-5.1041e-06
0.0003406
0.00075492
0.0010603
0.0013424
0.0015289
0.0016679
0.0018016
0.0018632
0.0018899
0.0018358
0.0017487
0.0017151
0.0016118
0.0014739
0.0013875
0.0012588
0.0011408
0.0010173
0.00093438
0.00085011
0.00078114
0.00071753
0.00062892
0.00054854
0.00042053
0.00037236
0.00032456
0.00026584
0.00018998
0.0001517
9.4022e-05
5.1695e-05
-4.5392e-05
-9.9287e-05
-0.00013637
-0.00020323
-0.00025744
-0.00032298
-0.00039853
-0.00042343
-0.00046787
-0.00054929
-0.00060968
-0.00072067
-0.00082036
-0.00093329
-0.0010741
-0.001169
-0.0013034
-0.0014394
-0.001576
-0.0017286
-0.0018427
-0.0019492
-0.0019963
-0.0020249
-0.0020359
-0.0019159
-0.0018664
-0.0017147
-0.0015061
-0.0012025
-0.00081187
-0.00040524
1.7098e-05
0.00043743
0.00084746
0.0012051
0.0014847
0.0016925
0.0018729
0.001987
0.0020311
0.0020528
0.0020011
0.0018823
0.0018068
0.001692
0.0015429
0.0014216
0.0012813
0.0011424
0.0010364
0.00096538
0.00087755
0.0008171
0.00073053
0.00064605
0.00055814
0.00045509
0.00038414
0.00031447
0.00024326
0.00021646
0.00018637
0.00011534
7e-05
-3.763e-05
-8.8139e-05
-0.000144
-0.00018656
-0.00021692
-0.0002918
-0.0003616
-0.00043292
-0.00046042
-0.00053205
-0.00061761
-0.0006952
-0.00082878
-0.00096324
-0.0010743
-0.0012068
-0.0013226
-0.0014719
-0.0016502
-0.0017747
-0.0019237
-0.002046
-0.0021103
-0.0021466
-0.0021767
-0.0021536
-0.0020826
-0.0019147
-0.0016813
-0.001333
-0.00088329
-0.00043756
2.8403e-05
0.00049803
0.00093808
0.0013199
0.0016485
0.0018749
0.0020525
0.0021695
0.0021941
0.0021908
0.0021549
0.0020113
0.001874
0.0017581
0.0016281
0.0014545
0.0012968
0.001163
0.0010573
0.00096478
0.00085801
0.00081537
0.0007405
0.00065455
0.00053708
0.00045362
0.00043061
0.00033783
0.00026593
0.0002264
0.00018316
0.00012777
4.4419e-05
-3.2257e-05
-8.2624e-05
-0.00013292
-0.00016532
-0.00021696
-0.00025689
-0.00034881
-0.00040968
-0.00045104
-0.00052999
-0.00061757
-0.00071383
-0.00082132
-0.00094255
-0.0010582
-0.0011912
-0.0013161
-0.001482
-0.0016512
-0.0018325
-0.0019663
-0.0020866
-0.0022225
-0.0022898
-0.0023474
-0.0023403
-0.0022782
-0.0020766
-0.0018251
-0.0014805
-0.0010124
-0.00049528
2.8609e-05
0.00052707
0.0010187
0.0014777
0.0018372
0.0020964
0.0022371
0.0023322
0.0023676
0.0023484
0.002239
0.0020687
0.0019355
0.0018257
0.0016633
0.0014698
0.0013198
0.0011808
0.0010653
0.00092553
0.00083408
0.00079723
0.00069642
0.00061784
0.00053681
0.00048405
0.00039865
0.00032848
0.0002863
0.00024671
0.00018196
9.8263e-05
3.5724e-05
-6.0598e-05
-8.1636e-05
-9.5707e-05
-0.00011979
-0.00019247
-0.00024802
-0.00032289
-0.00039283
-0.00044322
-0.00051696
-0.00059546
-0.00067968
-0.00080416
-0.00093175
-0.0010153
-0.0011694
-0.0012988
-0.0014771
-0.0016415
-0.0018033
-0.0019604
-0.0021311
-0.002267
-0.0023916
-0.0024576
-0.0024796
-0.0024343
-0.0022536
-0.0019967
-0.0016378
-0.0011591
-0.00060765
-3.228e-06
0.0006111
0.0011523
0.0016241
0.0019907
0.0022652
0.0024492
0.0025098
0.0024888
0.0024387
0.0023064
0.0021428
0.0019655
0.0018038
0.0016413
0.0014754
0.0013041
0.0011309
0.0010348
0.00089338
0.00083496
0.00077506
0.00068249
0.00061999
0.00049776
0.00042465
0.00038631
0.00034215
0.00029664
0.00024303
0.00016244
8.0456e-05
2.4108e-05
-4.0918e-05
-7.0119e-05
-7.4835e-05
-0.00011739
-0.0002041
-0.00023839
-0.00027351
-0.00033162
-0.00043014
-0.00051653
-0.00058267
-0.00065036
-0.0007378
-0.00085083
-0.00096686
-0.0011392
-0.0012827
-0.0014393
-0.0015809
-0.0017674
-0.0019365
-0.0021285
-0.0023031
-0.0024181
-0.0025305
-0.0025893
-0.0025307
-0.0023781
-0.0021369
-0.001791
-0.0013036
-0.00070043
-1.2664e-05
0.00067539
0.0012834
0.0017852
0.0021575
0.0024161
0.0025559
0.0026218
0.0025535
0.0024894
0.0023255
0.0021563
0.0019317
0.0017642
0.0015875
0.0014277
0.0012618
0.0011272
0.0010171
0.00086507
0.00074402
0.00069536
0.00062943
0.00056054
0.00048165
0.0004379
0.00036812
0.00031268
0.00028145
0.00022291
0.00013547
7.2635e-05
3.6283e-05
-4.3251e-05
-5.3844e-05
-4.9048e-05
-9.8516e-05
-0.00014459
-0.00022533
-0.00028178
-0.00034424
-0.00039321
-0.0004636
-0.00055384
-0.00060405
-0.00067743
-0.00078544
-0.00091633
-0.001056
-0.0011999
-0.0013742
-0.0015004
-0.0016811
-0.0018616
-0.0020612
-0.0022646
-0.0024133
-0.0025153
-0.0025897
-0.0025918
-0.0024759
-0.0022836
-0.0019223
-0.0013848
-0.00073784
-4.8518e-06
0.00073862
0.0013844
0.0019038
0.0022758
0.0025099
0.0026194
0.0026601
0.0025753
0.0024389
0.0022323
0.0020717
0.0018687
0.0016869
0.0015054
0.0013615
0.0012024
0.0010611
0.00094089
0.00081687
0.00068289
0.00059944
0.00057306
0.00053902
0.0004572
0.0004091
0.00036279
0.00030331
0.00024034
0.00016236
0.00011161
7.6641e-05
3.2321e-05
-2.1038e-05
-3.1327e-05
-5.8304e-05
-0.00010059
-9.5144e-05
-0.00016167
-0.00026766
-0.00033671
-0.00037122
-0.00041074
-0.00048582
-0.00053664
-0.00061896
-0.00073256
-0.00082535
-0.00094443
-0.001088
-0.0012357
-0.001385
-0.0015531
-0.0017206
-0.0019306
-0.0021332
-0.0022794
-0.0024153
-0.0025311
-0.0025741
-0.0025062
-0.0023434
-0.0019968
-0.0014422
-0.00075633
6.4563e-06
0.00076348
0.0014403
0.0019685
0.0023229
0.0025308
0.0026094
0.0025891
0.0024721
0.0023126
0.0021291
0.0019599
0.0017039
0.0015439
0.0014032
0.0012542
0.0010914
0.00096218
0.00084295
0.00072124
0.00060613
0.00054357
0.00053658
0.00049607
0.00040753
0.00032928
0.00031396
0.00028738
0.00021855
0.00013928
9.0138e-05
8.2156e-05
3.7417e-05
-1.0358e-05
-4.5135e-05
-7.3852e-05
-8.3931e-05
-9.2091e-05
-0.00016242
-0.00022267
-0.00026128
-0.00030593
-0.00037493
-0.00044384
-0.00049719
-0.00054528
-0.00061894
-0.00070594
-0.00079963
-0.00094665
-0.0010937
-0.001229
-0.0013444
-0.0015177
-0.0017042
-0.0019013
-0.002056
-0.0022216
-0.0023664
-0.0024661
-0.0024266
-0.0022886
-0.0019754
-0.0014638
-0.0007977
-3.6334e-06
0.00077297
0.0014513
0.0019569
0.0022808
0.0024438
0.002464
0.0024268
0.0022768
0.002123
0.001926
0.0017741
0.0015256
0.0013516
0.001225
0.0010933
0.0009572
0.00083755
0.00072567
0.00062057
0.00054489
0.00047198
0.00042336
0.00037458
0.00036195
0.00031369
0.00026155
0.00023212
0.00015352
0.00012855
0.00011989
7.3604e-05
2.5402e-05
-2.7966e-05
-5.6684e-05
-7.5309e-05
-8.6979e-05
-7.9845e-05
-0.00011899
-0.00014941
-0.00019984
-0.00024654
-0.0003125
-0.00035062
-0.00040624
-0.00044627
-0.00050648
-0.00058659
-0.00065175
-0.00077882
-0.00090223
-0.00099563
-0.0011275
-0.0012676
-0.0014107
-0.0015707
-0.0017377
-0.0019208
-0.0020581
-0.0021624
-0.0021812
-0.0021072
-0.0018651
-0.0014238
-0.00079582
-1.4957e-05
0.00076488
0.0014022
0.0018439
0.0020899
0.0021972
0.0021959
0.0021262
0.0019725
0.0018008
0.0016186
0.0014679
0.0012977
0.0011364
0.0010297
0.00089433
0.00076434
0.00066646
0.00058825
0.00050276
0.00044814
0.00037951
0.00032156
0.0002917
0.00029432
0.00024071
0.00020471
0.00020293
0.00013846
0.00010086
7.5414e-05
5.4283e-05
3.2025e-05
-1.6435e-05
-4.4701e-05
-7.4294e-05
-5.9203e-05
-6.3795e-05
-0.00010525
-0.00014182
-0.00014916
-0.00015334
-0.00021357
-0.00026093
-0.00032125
-0.00031895
-0.00034981
-0.00041971
-0.00049046
-0.00057728
-0.0006566
-0.00073463
-0.00086612
-0.00094047
-0.0010488
-0.0011789
-0.001312
-0.0014736
-0.001615
-0.0017184
-0.0017644
-0.0017486
-0.0015973
-0.0012722
-0.00074605
-1.9665e-05
0.00071456
0.0012499
0.00159
0.00175
0.001767
0.0017246
0.0016591
0.0015434
0.0014001
0.0012373
0.0010864
0.00097265
0.00085794
0.0007796
0.00068339
0.00055429
0.00048447
0.00044586
0.00038832
0.00031686
0.00025724
0.0002367
0.00021965
0.00020142
0.00017317
0.00016134
0.0001701
0.00012923
6.6439e-05
4.2841e-05
4.66e-05
2.0083e-05
1.1913e-06
-2.2416e-05
-5.0034e-05
-7.1279e-05
-8.7708e-05
-8.0738e-05
-8.8349e-05
-9.5413e-05
-0.00010101
-0.00013913
-0.00014807
-0.0001661
-0.00019322
-0.00025397
-0.00023269
-0.00027426
-0.00034181
-0.00040071
-0.00044458
-0.00050969
-0.00055779
-0.0006321
-0.00074074
-0.00083837
-0.00094537
-0.0010187
-0.0011055
-0.0011621
-0.0011751
-0.0011288
-0.00097092
-0.00064096
-7.7496e-06
0.00062468
0.00095298
0.0011158
0.0011883
0.0011698
0.0011007
0.0010534
0.00098702
0.00088088
0.00078998
0.00067883
0.00059096
0.00054494
0.00046724
0.00040198
0.0003373
0.00032664
0.00030035
0.0002458
0.00020812
0.00016551
0.00012114
0.00012188
9.9334e-05
8.3748e-05
9.1871e-05
0.00014437
0.00012083
8.1336e-05
3.7e-05
2.5911e-05
1.6361e-05
-1.7077e-05
-4.0266e-05
-3.8919e-05
-4.8648e-05
-3.9838e-05
-3.4221e-05
-3.9852e-05
-4.0281e-05
-5.9437e-05
-6.1469e-05
-3.721e-05
-2.9446e-05
-1.844e-05
-6.0661e-05
-7.732e-05
-8.8057e-05
-9.4491e-05
-0.00010548
-0.00012926
-0.00014382
-0.00018373
-0.00020135
-0.00024465
-0.0002908
-0.00032674
-0.00033727
-0.00037266
-0.00039236
-0.00042615
-0.0004314
-0.00044144
-0.00050958
-1.1303e-06
0.00050154
0.00043098
0.00042015
0.00044305
0.00041246
0.00037868
0.00037345
0.00033681
0.00030225
0.00027102
0.0002354
0.00019381
0.00017821
0.0001427
0.00013014
0.00012936
0.00012145
9.8429e-05
0.00011226
9.3763e-05
6.6495e-05
4.679e-05
3.3503e-05
1.5314e-05
1.8655e-05
3.8129e-05
3.9894e-05
6.284e-05
5.0865e-05
3.6189e-05
3.694e-05
6.6875e-06
-1.7526e-06
-2.1363e-05
-2.8084e-05
-1.1004e-05
-1.521e-05
1.3257e-06
2.2508e-05
1.0692e-05
1.6929e-06
3.5532e-05
8.0808e-05
0.00011204
0.00011285
9.3527e-05
0.00011421
0.00016005
0.00015383
0.00016519
0.00018649
0.00019768
0.00021647
0.00025208
0.00028568
0.00030053
0.00032979
0.00038548
0.0003948
0.00041413
0.00042048
0.00043017
0.00044094
0.00050843
-9.9245e-07
-0.00050842
-0.00044169
-0.00042727
-0.00040668
-0.00041467
-0.00039
-0.00033738
-0.00031013
-0.0002997
-0.00026871
-0.00024564
-0.00022124
-0.00017925
-0.00015308
-0.00016148
-0.00012939
-7.0018e-05
-3.9335e-05
-2.5509e-05
-5.192e-05
-6.8172e-05
-7.7828e-05
-5.1559e-05
-5.6555e-05
-4.9651e-05
-2.2649e-05
-1.5575e-05
9.27e-06
8.2965e-06
5.5121e-06
5.0612e-06
-3.6021e-07
7.9206e-06
2.0626e-05
4.951e-07
-4.7107e-06
-4.9289e-06
2.7176e-05
6.0549e-05
9.3975e-05
0.00011306
0.00014611
0.0001791
0.00020945
0.00022327
0.00026669
0.00032399
0.00033289
0.00037987
0.00045711
0.00048837
0.00053591
0.00057396
0.00068991
0.00079499
0.00090104
0.00096064
0.0010605
0.0011308
0.0011576
0.0011724
0.0011353
0.000971
0.00064325
5.56e-06
-0.00062986
-0.00096315
-0.0011095
-0.001153
-0.0011606
-0.0011103
-0.0010315
-0.00095743
-0.00086216
-0.00077338
-0.00070434
-0.00063298
-0.0005468
-0.00048068
-0.00042474
-0.00033762
-0.00025281
-0.00019605
-0.00019602
-0.00016882
-0.00017711
-0.00018449
-0.00017634
-0.00013646
-0.0001013
-9.8116e-05
-0.00011133
-4.2716e-05
5.244e-06
-1.3476e-05
-6.8858e-06
-2.7343e-07
1.1029e-05
2.1313e-05
2.641e-05
4.0147e-05
3.9144e-05
8.3387e-05
0.00012892
0.00017075
0.00020568
0.00024405
0.00022073
0.00028599
0.00036956
0.00043296
0.00049225
0.00053774
0.00060498
0.00070159
0.00075715
0.00084931
0.00093402
0.001075
0.0012317
0.0013897
0.0015152
0.0016512
0.001741
0.0017691
0.0017447
0.001597
0.0012764
0.00074683
2.0462e-05
-0.00071593
-0.00125
-0.0015661
-0.0017086
-0.0017507
-0.0017303
-0.0016138
-0.0014975
-0.0013965
-0.0012525
-0.0011013
-0.00097807
-0.00088117
-0.00078484
-0.0006713
-0.00056438
-0.00045481
-0.00037116
-0.00032408
-0.0002913
-0.00030529
-0.00028423
-0.00025556
-0.00020955
-0.00015208
-0.00012402
-0.00012213
-0.00010928
-6.8857e-05
-4.0843e-05
-1.2237e-05
-9.736e-06
1.38e-05
1.2967e-05
5.9658e-05
9.1598e-05
0.00012335
0.00016933
0.00019645
0.00022299
0.00022333
0.00027471
0.00031287
0.00040495
0.00047921
0.00056211
0.00066762
0.00072783
0.00081206
0.00090512
0.00099819
0.0011161
0.0012402
0.0014223
0.0015856
0.0017994
0.0019579
0.0020996
0.0022011
0.0021882
0.0021024
0.0018734
0.0014264
0.00079178
3.3181e-05
-0.00074462
-0.0013792
-0.0018268
-0.0020724
-0.0021633
-0.0021792
-0.0020727
-0.0019507
-0.0017859
-0.0016293
-0.0014623
-0.0012894
-0.0011612
-0.0010382
-0.00089331
-0.00076831
-0.00063124
-0.00052976
-0.0004841
-0.00041247
-0.00040314
-0.00037678
-0.0003389
-0.00025588
-0.00019183
-0.00018179
-0.00016395
-0.00014751
-0.00010909
-7.0248e-05
-2.6969e-05
5.2871e-06
2.4262e-05
3.3711e-05
7.5435e-05
0.00011941
0.00014378
0.00021003
0.00025932
0.00029443
0.0002766
0.00032709
0.00039849
0.00049763
0.00057277
0.00067904
0.00080818
0.00089201
0.00099519
0.0011048
0.0012082
0.0013497
0.0014861
0.0016869
0.0018895
0.0020872
0.002269
0.0023845
0.0024684
0.0024379
0.0022834
0.0019758
0.0014927
0.00082051
2.868e-05
-0.00076549
-0.0014385
-0.0019399
-0.0022571
-0.0024008
-0.0024425
-0.0023661
-0.0022392
-0.0020898
-0.0019214
-0.0017211
-0.0015571
-0.0013821
-0.0012427
-0.0010915
-0.00094635
-0.00082227
-0.00068326
-0.00059232
-0.00052729
-0.00048089
-0.00044036
-0.00038658
-0.00032951
-0.00029771
-0.00023117
-0.00020674
-0.00016593
-0.0001232
-7.1139e-05
-3.3017e-05
-2.2858e-05
1.5103e-05
5.3623e-05
9.0737e-05
0.00013328
0.00016892
0.00023573
0.00030279
0.00032524
0.00034913
0.00043543
0.00046266
0.0005551
0.00067786
0.00079231
0.00089954
0.0010085
0.0011132
0.0012348
0.0013993
0.0015378
0.0016664
0.0018852
0.0021039
0.0022821
0.0024363
0.0025593
0.0026024
0.0025384
0.002343
0.0019704
0.0014548
0.00079172
4.4228e-05
-0.00073375
-0.0014147
-0.0019282
-0.0022974
-0.0025161
-0.0025942
-0.0025195
-0.0024181
-0.0022673
-0.0020951
-0.0019183
-0.0017371
-0.001558
-0.0014352
-0.0012653
-0.0011075
-0.00096357
-0.00083444
-0.00070956
-0.00060808
-0.00053353
-0.00049531
-0.00045085
-0.0003887
-0.00032138
-0.00028969
-0.00022577
-0.00018493
-0.00013245
-9.2235e-05
-8.3014e-05
-4.964e-05
3.6334e-05
8.0105e-05
0.00010375
0.00016913
0.00021498
0.00026329
0.00029917
0.00037173
0.00040444
0.00046994
0.0005483
0.00065853
0.00076082
0.00086766
0.00097027
0.0010863
0.0012154
0.0013527
0.0014861
0.0016464
0.0018088
0.0020093
0.0021983
0.0024016
0.0025395
0.00262
0.0026287
0.0025017
0.0022877
0.0018992
0.0013873
0.0007486
1.9003e-05
-0.00068844
-0.0013508
-0.001873
-0.0022445
-0.0025067
-0.0026116
-0.0025646
-0.00248
-0.0023565
-0.0022029
-0.002028
-0.0018552
-0.0017141
-0.0015674
-0.0013812
-0.0012024
-0.0010195
-0.00092057
-0.00083351
-0.00071902
-0.00062787
-0.0005349
-0.00047962
-0.00042988
-0.0003705
-0.00032446
-0.00025473
-0.00020149
-0.00014472
-0.00012919
-8.56e-05
-4.4292e-05
4.1557e-05
9.3819e-05
0.00011153
0.00017443
0.00022213
0.00029186
0.00031943
0.00040384
0.00045137
0.00055855
0.00062526
0.00072405
0.0008226
0.00092222
0.00099777
0.0011472
0.0012872
0.0014196
0.0015692
0.001723
0.0018972
0.0020691
0.0022394
0.0024109
0.0025136
0.0025748
0.0025774
0.0024345
0.0021689
0.0017631
0.0012638
0.00067607
-5.2359e-06
-0.00065541
-0.0012851
-0.0017765
-0.0021191
-0.0023767
-0.0025053
-0.0025498
-0.0025015
-0.002365
-0.0022198
-0.0020961
-0.0019462
-0.0017944
-0.0016115
-0.0014253
-0.0012576
-0.0011159
-0.0010073
-0.0009159
-0.00079653
-0.0006909
-0.00056206
-0.00049595
-0.00044861
-0.00041191
-0.00034155
-0.00028757
-0.00022885
-0.00016247
-0.00014016
-0.00010322
-4.8399e-05
5.3821e-05
0.00010262
0.00011341
0.0001985
0.00026261
0.00032083
0.000349
0.0004059
0.00045727
0.00056902
0.00067338
0.00077868
0.00086186
0.00093551
0.0010729
0.0012056
0.0013319
0.001484
0.0016365
0.0017468
0.0019034
0.0020755
0.0022326
0.002349
0.0024081
0.0024293
0.0024559
0.0022995
0.0020183
0.0016127
0.0011147
0.00059863
1.0683e-06
-0.00061414
-0.0011926
-0.0016419
-0.0019688
-0.0022001
-0.0023453
-0.0024217
-0.0024288
-0.0023257
-0.0022241
-0.002139
-0.0019783
-0.0017927
-0.0016244
-0.0014656
-0.0013056
-0.0011565
-0.0010246
-0.00094362
-0.00083425
-0.00071332
-0.00061094
-0.00056757
-0.00049831
-0.00043122
-0.00035826
-0.00029636
-0.00024446
-0.00020433
-0.0001639
-9.2009e-05
-3.7295e-05
4.7776e-05
9.8534e-05
0.00013097
0.00019785
0.00028787
0.00033299
0.00034219
0.00041514
0.00047793
0.00059089
0.00068897
0.00078111
0.0009001
0.00099181
0.0011223
0.00121
0.0013521
0.0015053
0.0016732
0.0017698
0.0018859
0.0020024
0.0021562
0.0022504
0.0022887
0.002289
0.0022566
0.0021112
0.0018278
0.0014547
0.00095901
0.0004997
-1.0123e-05
-0.00055544
-0.0010619
-0.0014577
-0.0017847
-0.0020198
-0.0021738
-0.002284
-0.0023287
-0.00225
-0.0021778
-0.0020741
-0.0019136
-0.0017802
-0.0016309
-0.001464
-0.0013024
-0.0011802
-0.0010588
-0.00094382
-0.00085072
-0.00076139
-0.00068085
-0.0005861
-0.00051088
-0.00042853
-0.00039841
-0.00034664
-0.00027308
-0.00021363
-0.00012417
-7.8042e-05
-3.5114e-05
5.2228e-05
8.7771e-05
0.00014168
0.00019336
0.00025471
0.00031575
0.00037129
0.00044031
0.00049677
0.00058818
0.00068219
0.00079683
0.0008925
0.0010014
0.0011332
0.0012307
0.0013936
0.0015124
0.001634
0.0017128
0.0018301
0.0019396
0.0020512
0.0021308
0.0021492
0.0021341
0.0020493
0.0018613
0.0016055
0.0012734
0.00086226
0.00041119
-6.4716e-05
-0.00049652
-0.00090044
-0.0012627
-0.0015688
-0.0018098
-0.0020141
-0.0021315
-0.0021823
-0.0021629
-0.0020848
-0.0019497
-0.0018278
-0.0017107
-0.001592
-0.0014699
-0.0013497
-0.0011779
-0.0010671
-0.00096371
-0.00084596
-0.00077659
-0.00070898
-0.00060371
-0.00049724
-0.00045528
-0.00038775
-0.00033797
-0.00027015
-0.00020016
-0.00016492
-0.00011791
-5.7817e-05
3.5544e-05
7.9587e-05
0.00011762
0.00019515
0.00027163
0.00026174
0.00034152
0.00042475
0.00051627
0.00059869
0.00071984
0.00078498
0.00086449
0.00096193
0.0010993
0.0012245
0.0013573
0.0014923
0.0015818
0.0016651
0.0017515
0.0018637
0.0019365
0.0019859
0.0020014
0.0019531
0.0018348
0.0016446
0.0014307
0.0011402
0.00074683
0.00034917
-7.19e-05
-0.00042912
-0.00080614
-0.0011148
-0.0013955
-0.0016345
-0.0018472
-0.0019464
-0.0020078
-0.0019817
-0.0019496
-0.0018407
-0.0017427
-0.0016382
-0.0015479
-0.0014282
-0.0013302
-0.0012083
-0.0010921
-0.00096542
-0.00087351
-0.0007704
-0.00066588
-0.00057924
-0.00050837
-0.00044913
-0.00037149
-0.00034459
-0.00027464
-0.00018842
-0.00014683
-9.3402e-05
-4.5168e-05
2.74e-05
5.7999e-05
0.00010638
0.00018171
0.00021657
0.00026363
0.00038106
0.00045753
0.00050709
0.00056475
0.00068523
0.00076782
0.0008454
0.00093757
0.0010759
0.0011942
0.0012747
0.0014088
0.001508
0.0015929
0.0016909
0.0017526
0.0018042
0.0018482
0.0018366
0.0017582
0.001617
0.0014698
0.0012709
0.00099429
0.0006785
0.0003038
-7.6549e-05
-0.00039868
-0.00073635
-0.0010117
-0.0012712
-0.0014948
-0.0016483
-0.0017236
-0.0017846
-0.0018153
-0.001809
-0.0017171
-0.0016128
-0.0015455
-0.0014946
-0.0014133
-0.0012919
-0.0011799
-0.001077
-0.00096532
-0.00088317
-0.00075242
-0.00064121
-0.00053603
-0.00049677
-0.00045683
-0.0003768
-0.00031761
-0.000247
-0.00016881
-0.00015102
-0.00011162
-4.806e-05
6.7203e-05
0.0001225
9.9004e-05
0.00012549
0.00018633
0.00029613
0.00037938
0.0004301
0.00049205
0.00056136
0.00065441
0.00073342
0.00079523
0.00091675
0.0010347
0.0011366
0.0011979
0.0013227
0.0014354
0.0015181
0.0015827
0.0016418
0.0016567
0.0016728
0.001651
0.0016131
0.0014783
0.0013009
0.0011223
0.00087508
0.00061005
0.00025786
-9.9907e-05
-0.00037969
-0.00067035
-0.00091132
-0.0011112
-0.0013441
-0.0014819
-0.0015292
-0.0016299
-0.0016776
-0.0016354
-0.0015652
-0.0015334
-0.0014735
-0.0014012
-0.0013188
-0.001239
-0.0011209
-0.0010278
-0.0009387
-0.00083931
-0.0007464
-0.00066573
-0.00054546
-0.00047242
-0.00040455
-0.00035571
-0.00029686
-0.00022447
-0.00014447
-0.00014334
-0.0001246
-6.0111e-05
4.9159e-05
0.00011614
0.00014821
0.00014917
0.00018104
0.00026167
0.00033845
0.00039304
0.00049017
0.0005365
0.00059616
0.00069525
0.00075928
0.00086781
0.00095942
0.0010692
0.0011536
0.0012608
0.0013485
0.0014195
0.0014628
0.0014993
0.0015156
0.0015267
0.0014955
0.0014266
0.0013215
0.0011757
0.00097114
0.00076221
0.00054921
0.00021789
-7.9903e-05
-0.00034924
-0.00058638
-0.00079795
-0.00099815
-0.0011908
-0.0013242
-0.0013902
-0.001463
-0.0014855
-0.001483
-0.0014382
-0.0014374
-0.0013924
-0.0012782
-0.0012165
-0.0011754
-0.001065
-0.00097898
-0.00088822
-0.00081135
-0.00072532
-0.00063373
-0.00054452
-0.00047262
-0.00040923
-0.00033086
-0.00028055
-0.00023562
-0.00013732
-0.00010901
-8.1832e-05
-3.6948e-05
5.3096e-05
0.00010394
0.00014519
0.00016285
0.00018953
0.00024279
0.00029305
0.0003396
0.00042709
0.00047859
0.00055972
0.00068553
0.00074767
0.00082129
0.0009184
0.00099745
0.0010609
0.001153
0.0012124
0.0012724
0.0013401
0.0014107
0.0014167
0.0014167
0.0013601
0.0012676
0.0011746
0.0010557
0.00087145
0.000648
0.00047484
0.00020655
-7.5088e-05
-0.00030803
-0.00050271
-0.00069953
-0.00086889
-0.0010389
-0.0011789
-0.0012583
-0.0013327
-0.0013495
-0.0013354
-0.0013501
-0.0013552
-0.0012584
-0.0011694
-0.0011323
-0.0010728
-0.00097042
-0.00090794
-0.00084907
-0.00080406
-0.00071191
-0.00061728
-0.00050547
-0.00044528
-0.00037814
-0.00032775
-0.00024574
-0.00018264
-0.00012893
-0.00010913
-5.3811e-05
-2.3964e-05
4.2217e-05
5.5799e-05
0.00012345
0.00014912
0.00017751
0.00021208
0.00024113
0.0002894
0.0003789
0.00044118
0.00051893
0.00065291
0.00072687
0.00080065
0.00087169
0.00091575
0.00095735
0.0010175
0.0011025
0.0011769
0.0012137
0.0012642
0.0013158
0.0013039
0.0012459
0.0011501
0.001074
0.00092387
0.00076825
0.0006062
0.00042014
0.00016829
-6.75e-05
-0.00026448
-0.00044791
-0.00063264
-0.00077723
-0.00091143
-0.0010251
-0.0011266
-0.0011949
-0.001221
-0.0012103
-0.0012303
-0.0012092
-0.0011844
-0.0011303
-0.0010613
-0.00097496
-0.00091117
-0.00083579
-0.00078973
-0.00074199
-0.00066963
-0.00056917
-0.00048032
-0.00040055
-0.00036111
-0.00029226
-0.00022582
-0.00018309
-0.0001198
-9.4367e-05
-5.5441e-05
-2.6471e-05
3.5732e-05
3.2851e-05
6.6998e-05
0.00013526
0.00018
0.00019116
0.00019228
0.00022706
0.00032961
0.00041303
0.00051841
0.0005973
0.00068649
0.0007535
0.00078338
0.00083605
0.000917
0.00094786
0.00098377
0.0010506
0.0010766
0.0011315
0.0011839
0.0011478
0.001125
0.0010705
0.00099121
0.00082984
0.00067263
0.00053175
0.00038962
0.00016465
-3.7296e-05
-0.00024624
-0.00041654
-0.00060451
-0.00069021
-0.00079797
-0.00088142
-0.00098255
-0.0010702
-0.0010697
-0.0010735
-0.0011392
-0.0011385
-0.0010958
-0.0010043
-0.0009803
-0.00091412
-0.00085117
-0.00077209
-0.00072801
-0.0006303
-0.00060554
-0.00056717
-0.00046737
-0.0003687
-0.00032915
-0.00028353
-0.00021936
-0.0001604
-0.0001056
-6.4894e-05
-3.9459e-05
-2.8069e-05
1.4015e-05
3.526e-05
0.00010446
0.00013287
0.00015533
0.00016435
0.00018992
0.0002212
0.00027546
0.00035052
0.00045819
0.00054826
0.00060985
0.00065437
0.00069985
0.0007688
0.00083141
0.00088274
0.00092668
0.00098004
0.00097323
0.0010092
0.0010325
0.0010201
0.0010221
0.00098047
0.00087797
0.0006994
0.00055789
0.00045186
0.00034828
0.00018561
-3.3578e-05
-0.00021956
-0.00038188
-0.00052646
-0.0006161
-0.00068864
-0.00074931
-0.00082938
-0.00091712
-0.00098873
-0.0010187
-0.0010501
-0.0010268
-0.00098278
-0.00089702
-0.00086925
-0.00083154
-0.00078886
-0.00070407
-0.00066858
-0.00058754
-0.00053973
-0.00049908
-0.00043582
-0.00037163
-0.00028517
-0.00024207
-0.00022466
-0.00017011
-8.569e-05
-6.7327e-05
-2.1578e-05
-4.31e-06
5.4168e-06
3.1297e-05
9.1034e-05
0.00010484
0.00012823
0.00015227
0.00016304
0.00022001
0.00025675
0.00031625
0.00039599
0.00048624
0.00056584
0.00059663
0.00063665
0.00069662
0.0007621
0.00081545
0.00086035
0.00087816
0.00085029
0.00087077
0.0009034
0.00091047
0.00089594
0.00085632
0.00075825
0.00064339
0.00051504
0.00040888
0.00031757
0.00015074
-2.1698e-05
-0.00018364
-0.00030131
-0.00044272
-0.00055894
-0.00062777
-0.00070294
-0.00076032
-0.00079655
-0.00085831
-0.00091221
-0.00096725
-0.00091704
-0.00087151
-0.00084612
-0.00077683
-0.00072911
-0.00070461
-0.00062649
-0.00058493
-0.0005334
-0.00048543
-0.00042935
-0.00038949
-0.00034838
-0.00025765
-0.00020414
-0.00018729
-0.00013678
-8.9411e-05
-6.3105e-05
-2.1059e-05
-1.6957e-05
1.991e-05
5.0306e-05
6.1852e-05
6.9312e-05
0.00011342
0.00013325
0.00015205
0.00020406
0.00024517
0.00028529
0.00033896
0.00043256
0.00048126
0.00053251
0.000612
0.00063491
0.00068457
0.00070426
0.00074426
0.0007684
0.00076216
0.00081192
0.00080529
0.00079271
0.00078279
0.00073658
0.00064496
0.00055853
0.00046541
0.00035716
0.00030012
0.00018297
2.7313e-05
-0.00014962
-0.00026011
-0.00036126
-0.00049951
-0.00056825
-0.00065151
-0.00070615
-0.00073713
-0.00077245
-0.00078291
-0.00083574
-0.00080857
-0.00078242
-0.00076961
-0.00070594
-0.00065242
-0.00059762
-0.00055987
-0.0005594
-0.00050911
-0.00041623
-0.00038483
-0.00031717
-0.00027156
-0.00022279
-0.00020761
-0.00016478
-9.5764e-05
-9.9139e-05
-4.355e-05
-5.6513e-07
-2.0086e-06
1.3511e-05
2.5445e-05
2.1138e-05
3.1188e-05
0.00011322
0.00010778
0.00013278
0.00016369
0.00021979
0.00026493
0.00028671
0.0003725
0.00042764
0.00047638
0.00052439
0.00055426
0.00060995
0.0006178
0.00067263
0.00069607
0.00069273
0.00074415
0.00069163
0.00068718
0.00068778
0.00061509
0.00054122
0.00049935
0.00043573
0.0003192
0.00023454
0.00014558
4.8933e-05
-7.3372e-05
-0.00019623
-0.00031213
-0.00041222
-0.00050598
-0.00057638
-0.00065784
-0.00067773
-0.00069285
-0.00067551
-0.00073361
-0.00071542
-0.00069877
-0.00067577
-0.000656
-0.0005869
-0.00052729
-0.00048932
-0.00046704
-0.00043653
-0.00036802
-0.00033629
-0.00027664
-0.00023023
-0.00018583
-0.00017666
-0.00015152
-8.5964e-05
-4.0371e-05
-3.9087e-05
-5.6809e-07
3.8327e-06
-1.8305e-06
-4.8507e-07
1.5919e-05
3.3001e-05
5.016e-05
7.6787e-05
0.00010024
0.00014323
0.00021303
0.00022317
0.00024189
0.00033548
0.00037807
0.00040347
0.00048011
0.00050753
0.00051824
0.00052159
0.00055747
0.00061768
0.00062852
0.00063124
0.00062493
0.00060658
0.0005637
0.00050796
0.00049323
0.00045469
0.00041139
0.00028378
0.00019262
9.097e-05
4.7733e-05
-2.6482e-05
-0.00016176
-0.00025574
-0.00036438
-0.00042317
-0.00047692
-0.00056127
-0.00059972
-0.00062383
-0.00059639
-0.00062585
-0.00064283
-0.00065614
-0.00060765
-0.00057859
-0.0004974
-0.00046267
-0.00044126
-0.00040612
-0.00034103
-0.00033024
-0.00028739
-0.00022143
-0.00019795
-0.00015329
-8.2024e-05
-0.00010151
-5.6932e-05
-3.1581e-05
-2.5125e-05
1.9766e-05
1.5748e-05
-1.9895e-05
-2.6155e-05
-1.3288e-05
-5.629e-06
2.0617e-05
5.8223e-05
7.6323e-05
0.0001436
0.00021463
0.00018687
0.0001795
0.00025662
0.0003212
0.00035904
0.00040873
0.00043743
0.00046082
0.00048352
0.00047493
0.00050242
0.00053038
0.00056414
0.0005482
0.00051736
0.0004757
0.00044003
0.00041919
0.00039512
0.00035913
0.00027511
0.00015851
0.0001011
4.1966e-05
-4.1118e-05
-0.00013252
-0.00020376
-0.0002837
-0.00036452
-0.00039914
-0.00045537
-0.00051945
-0.00055173
-0.00052475
-0.00053763
-0.00058389
-0.00058586
-0.00054626
-0.00050134
-0.00039784
-0.00040419
-0.0003719
-0.00034492
-0.00031361
-0.00028728
-0.0002436
-0.00020677
-0.00015082
-9.8293e-05
-3.4554e-05
-2.6305e-05
-8.3808e-06
-1.0861e-05
-9.8261e-06
1.3315e-05
8.1429e-06
-1.7506e-05
-1.9983e-05
-3.9134e-05
-2.3581e-05
-9.4298e-06
2.6871e-05
6.0485e-05
0.00011461
0.00014412
0.00013465
0.000164
0.0002132
0.0002546
0.0002954
0.00035664
0.00040125
0.000416
0.00041422
0.00041549
0.00044159
0.00041746
0.000471
0.00045853
0.00042762
0.00042415
0.00040635
0.00039562
0.00033927
0.00027375
0.00023956
0.00017511
0.0001013
2.9397e-06
-4.8701e-05
-0.00010298
-0.00017524
-0.00022616
-0.00031174
-0.00036375
-0.00039287
-0.00043345
-0.0004378
-0.00043308
-0.00049293
-0.00054348
-0.00052888
-0.00048107
-0.00044964
-0.0003681
-0.00030847
-0.00032467
-0.00032974
-0.00025059
-0.00020695
-0.00017415
-0.0001483
-0.00011872
-6.9667e-05
-1.3083e-05
-7.942e-06
4.5143e-05
5.5788e-05
1.4601e-05
-1.1182e-05
-1.7949e-06
-2.1935e-05
-5.2876e-05
-5.7791e-05
-4.9628e-05
-6.72e-05
-3.7981e-05
2.5144e-05
5.1204e-05
8.9683e-05
0.00010363
0.00013157
0.00018925
0.00021002
0.00024543
0.00032204
0.00036301
0.00039005
0.00038055
0.00034047
0.00033821
0.00035214
0.00037758
0.00036202
0.00038579
0.00038288
0.00036198
0.0003344
0.00029038
0.00025022
0.00020837
0.00015532
6.4078e-05
-1.4287e-05
-6.8907e-05
-0.00010292
-0.00015452
-0.00018962
-0.00025505
-0.00031209
-0.00034489
-0.00035431
-0.00035307
-0.00036895
-0.00044947
-0.00044012
-0.00043014
-0.00041748
-0.00039377
-0.00033951
-0.00031668
-0.00028642
-0.00024887
-0.00020361
-0.00016744
-0.00013273
-8.5918e-05
-3.1897e-05
-5.4217e-05
-6.6831e-06
5.0395e-05
9.5929e-05
8.1252e-05
5.7034e-05
3.8129e-05
1.8729e-05
-3.0563e-05
-4.9818e-05
-5.6219e-05
-0.00010665
-0.00013073
-0.0001066
-3.2958e-05
2.1216e-05
6.6377e-05
7.5479e-05
0.00010907
0.00016497
0.0001921
0.00023064
0.00025645
0.00027709
0.00032002
0.00033954
0.00029614
0.00027732
0.00030486
0.00031014
0.00030779
0.00035074
0.00034846
0.00030787
0.00026727
0.00025628
0.00023188
0.00014248
9.2668e-05
5.0287e-05
1.7327e-07
-5.2187e-05
-9.3522e-05
-0.00015707
-0.00018021
-0.00022529
-0.00025013
-0.00028985
-0.000267
-0.00031442
-0.00032041
-0.00037232
-0.00036826
-0.00037383
-0.00036488
-0.00032419
-0.0003033
-0.00028808
-0.00024921
-0.00019098
-0.00016297
-0.00012526
-0.00012784
-7.2966e-05
1.8966e-05
1.6792e-05
6.9699e-05
9.9289e-05
0.00011886
0.00010739
7.858e-05
7.6385e-05
3.792e-05
-4.6466e-05
-8.6504e-05
-0.00013242
-0.00018986
-0.00014681
-8.5731e-05
-5.3603e-05
-5.0571e-05
3.2963e-05
8.5723e-05
0.00010721
0.0001387
0.00018198
0.00018552
0.00018639
0.00022104
0.00026224
0.00025952
0.00024457
0.00023969
0.00025331
0.0002669
0.00027031
0.00029138
0.00027027
0.00026219
0.00024202
0.00025254
0.00017113
8.177e-05
8.2064e-05
4.3578e-05
-2.726e-05
-7.0074e-05
-5.8425e-05
-0.00011025
-0.00016697
-0.00019024
-0.00019931
-0.00025855
-0.00025768
-0.00025129
-0.00024448
-0.00029046
-0.00026419
-0.0003297
-0.00031132
-0.0002761
-0.00026415
-0.00023591
-0.0002041
-0.00018185
-0.00016794
-0.00010371
-5.6928e-05
-2.5082e-05
3.4886e-05
6.5375e-05
9.8687e-05
0.00010244
0.00013378
0.00015112
0.00013649
0.00010921
4.7153e-05
-8.4441e-05
-0.0001477
-0.00018524
-0.0002102
-0.00018304
-0.00010871
-4.8091e-05
-2.9624e-05
2.9416e-05
8.2465e-05
0.0001165
0.0001076
0.00012508
0.00012693
0.00015117
0.0001427
0.00018544
0.00020577
0.00019321
0.00020914
0.00022482
0.0002356
0.00025718
0.00024681
0.00019829
0.00017536
0.00018768
0.00017425
0.00015331
0.00010677
9.0857e-05
3.9169e-05
-3.1676e-05
-5.1312e-05
-5.0362e-05
-0.00010605
-0.00013631
-0.00016581
-0.00019112
-0.00024301
-0.00022927
-0.00021584
-0.00017927
-0.00020276
-0.00022288
-0.00024724
-0.00025003
-0.00025603
-0.00025191
-0.0002133
-0.0001559
-0.00013603
-0.00013598
-7.1568e-05
-1.265e-05
1.3559e-05
6.4273e-05
9.238e-05
0.00012535
0.00012784
0.00014177
0.00016199
0.00014888
0.00012325
5.6361e-05
-9.3147e-05
-0.00017742
-0.00023023
-0.00021586
-0.00015558
-0.00010323
-5.4052e-05
-1.9821e-05
4.5071e-06
6.2137e-05
0.00010721
0.00010016
7.683e-05
7.5343e-05
9.3071e-05
0.0001016
0.00012145
0.00015594
0.00016657
0.00018526
0.00014581
0.00018018
0.0001965
0.0001771
0.00017863
0.00016462
0.00015349
0.0001235
9.956e-05
6.2199e-05
5.7575e-05
5.5863e-05
-5.2758e-08
-5.7821e-05
-3.4539e-05
-7.8497e-05
-9.1892e-05
-0.00013562
-0.00016536
-0.00018053
-0.00016311
-0.00015412
-0.00015718
-0.00016151
-0.00015333
-0.00018924
-0.00018186
-0.0002035
-0.00024327
-0.00017854
-0.00010722
-9.4815e-05
-8.3024e-05
-4.1031e-05
1.2002e-05
3.2161e-05
5.3446e-05
7.2468e-05
9.6902e-05
0.00012948
0.00012891
0.00016449
0.00017794
0.00016412
8.1994e-05
-0.00014107
-0.00023209
-0.00022646
-0.00015387
-0.00010004
-8.4709e-05
-6.6105e-05
-3.1798e-05
-2.2688e-06
3.2929e-05
7.7156e-05
8.6353e-05
7.0086e-05
4.05e-05
4.779e-05
8.2832e-05
8.6623e-05
0.00011026
0.00012932
0.00014307
0.00011467
9.906e-05
9.2659e-05
0.00012914
0.00014132
0.00010517
8.7618e-05
0.00010646
8.079e-05
6.1481e-05
4.6358e-05
5.4671e-06
-3.1212e-07
-1.8174e-05
-3.8165e-05
-4.6338e-05
-6.158e-05
-0.00010649
-0.00014277
-0.00011287
-9.2846e-05
-0.00011961
-0.00010626
-0.00010286
-0.00010401
-0.00012528
-0.00015324
-0.00016474
-0.00017993
-0.00013837
-7.449e-05
-3.115e-05
-2.0564e-05
-1.0125e-05
8.0236e-06
4.3373e-06
1.0533e-05
5.6261e-05
8.7435e-05
8.7145e-05
9.7016e-05
0.00015343
0.00018282
0.00018627
0.00011305
-0.00013455
-0.00015859
-0.00015033
-0.00010236
-6.1447e-05
-5.105e-05
-3.8451e-05
-1.5081e-05
1.1424e-05
2.9967e-05
4.4078e-05
3.7662e-05
2.9933e-05
1.0405e-05
2.3739e-05
4.4553e-05
4.6679e-05
6.3983e-05
8.384e-05
8.186e-05
6.8211e-05
6.3908e-05
5.7024e-05
4.9733e-05
3.8982e-05
4.0748e-05
5.7446e-05
7.0746e-05
5.8043e-05
2.4714e-05
1.7244e-05
1.3861e-05
3.5891e-07
-1.7966e-05
-2.4542e-05
-3.0102e-05
-4.1252e-05
-4.6445e-05
-4.734e-05
-6.5359e-05
-6.8427e-05
-5.845e-05
-4.6994e-05
-6.9864e-05
-7.3946e-05
-5.6381e-05
-7.4808e-05
-0.00010663
-0.00010912
-7.1269e-05
-4.2146e-05
-2.057e-05
1.6981e-05
1.859e-05
2.1326e-05
1.7704e-05
5.7567e-06
9.0322e-06
1.188e-05
4.2889e-05
6.2573e-05
8.1345e-05
0.00010892
0.00016223
0.0001587
0
0
0
0
0
0
0
0
0
0
0
0
0
0
0
0
0
0
0
0
0
0
0
0
0
0
0
0
0
0
0
0
0
0
0
0
0
0
0
0
0
0
0
0
0
0
0
0
0
0
0
0
0
0
0
0
0
0
0
0
0
0
0
0
0
